37 52 58 77 48 67 68 78 57 53 42 57 46 58 59 64 45 43 55 61 34 35 39 48 36 45 43 45 46 48 46 53 37 50 46 63 35 37 46 33 230 254 228 222 244 247 261 242 253 250 246 236 254 233 237 252 258 231 233 264 268 257 234 265 238 260 242 244 251 242 238 231 240 231 252 251 239 231 249 250 0 0 0 0 0 0 0 0 0 0 0 0 0 0 0 0 0 0 0 0 0 0 0 0 0 0 0 0 0 0 0 0 0 0 0 0 0 0 0 0 139 138 142 139 144 144 161 155 157 146 153 178 165 161 147 149 144 176 143 146 135 143 145 142 161 154 167 164 156 150 185 156 163 142 159 147 147 136 127 121
0 0 0 0 0 0 0 0 0 0 0 0 0 0 0 0 0 0 0 0 0 0 0 0 0 0 0 0 0 0 0 0 0 0 0 0 0 0 0 0 166 172 157 169 167 148 155 159 154 165 148 151 138 143 151 152 160 145 150 153 164 144 152 160 176 143 150 166 152 145 165 164 133 164 166 154 150 153 157 151 48 53 60 74 56 58 57 58 50 56 60 77 37 46 48 50 44 39 48 59 40 55 51 55 40 32 38 43 41 39 52 59 47 56 56 60 46 43 41 51 244 252 249 226 267 242 239 258 241 235 244 243 230 231 234 245 256 236 240 253 235 248 245 247 251 229 239 225 262 230 249 240 241 232 272 255 250 239 259 243
40 54 54 66 58 58 61 69 40 46 43 62 38 55 56 67 56 60 60 90 52 55 69 66 48 52 46 65 49 45 42 53 37 37 38 47 24 26 21 23 242 239 261 269 254 258 252 244 235 241 230 272 242 218 275 259 243 238 237 273 239 239 249 243 266 252 230 238 248 252 256 257 252 235 265 241 264 233 242 250 0 0 0 0 0 0 0 0 0 0 0 0 0 0 0 0 0 0 0 0 0 0 0 0 0 0 0 0 0 0 0 0 0 0 0 0 0 0 0 0 155 160 150 146 151 146 158 158 158 150 149 147 161 146 145 154 156 145 144 144 136 164 135 149 148 151 145 151 147 149 156 150 160 146 141 131 147 139 147 140
0 0 0 0 0 0 0 0 0 0 0 0 0 0 0 0 0 0 0 0 0 0 0 0 0 0 0 0 0 0 0 0 0 0 0 0 0 0 0 0 160 153 159 155 158 161 161 157 172 157 166 152 170 152 156 162 149 147 159 155 165 159 143 156 156 150 151 147 142 147 148 165 133 135 138 146 153 163 163 147 33 47 50 58 40 56 45 55 44 45 47 71 37 47 55 68 38 53 69 70 68 62 65 77 43 40 42 51 35 40 44 51 46 45 47 47 29 32 34 48 258 242 236 257 221 240 254 227 237 244 265 240 241 241 256 264 239 256 242 257 255 246 262 197 252 260 249 249 245 241 260 248 267 259 241 255 219 250 246 229
64 70 75 96 62 62 78 98 67 82 73 75 64 72 80 77 59 63 76 99 74 65 66 85 72 84 84 91 74 75 64 84 83 87 84 87 52 57 59 58 271 258 261 254 254 273 260 264 248 256 234 266 245 248 246 253 223 243 253 235 239 235 248 229 257 228 239 254 257 249 241 243 242 248 251 250 238 262 232 265 230 235 233 254 229 246 239 244 242 252 243 243 247 249 260 243 251 227 248 242 258 249 241 267 263 274 253 233 254 247 247 229 230 256 244 269 264 257 231 230 252 250 258 237 246 240 251 215 251 238 242 245 240 252 234 243 250 254 236 241 240 259 242 239 249 261 255 234 247 242 267 237 265 260 277 243 256 259 246 236
249 249 250 252 235 242 222 243 251 231 249 230 235 253 225 243 254 252 241 241 251 259 247 253 243 237 237 243 251 245 255 236 260 272 253 246 252 237 237 244 253 247 247 245 236 259 244 255 246 251 253 239 241 252 236 237 259 264 273 228 233 245 255 240 259 273 246 242 250 256 262 262 249 240 251 247 242 247 246 234 59 57 71 81 67 63 71 72 61 58 74 89 63 82 81 84 89 73 81 95 82 78 82 104 89 81 78 78 86 79 81 104 76 76 83 88 56 50 63 56 243 245 257 238 248 243 252 264 260 263 237 256 239 235 259 265 248 247 253 262 249 234 257 258 257 269 237 253 253 248 247 230 262 240 240 260 265 256 250 247
179 186 175 210 175 174 153 200 181 160 180 173 172 148 171 186 142 133 167 188 171 162 150 164 153 174 172 169 173 168 180 182 194 181 195 209 162 173 150 181 240 231 253 228 243 271 250 250 253 229 261 253 236 241 255 248 242 248 243 231 243 251 240 234 250 244 248 257 249 254 254 231 269 252 221 256 234 254 251 235 243 237 240 250 256 243 253 239 237 243 233 254 240 232 256 243 249 240 231 250 219 247 244 239 224 244 237 242 226 250 223 258 245 237 256 249 236 250 234 244 253 236 258 236 270 251 253 235 262 264 257 260 263 235 260 258 249 251 217 261 275 258 244 254 236 246 257 249 249 262 251 249 251 222 269 240 241 247 254 241
237 232 263 249 246 224 236 215 240 238 233 259 236 229 236 241 242 245 241 249 212 234 244 255 240 227 246 248 252 237 263 233 230 230 239 241 246 240 253 234 258 238 246 260 253 255 256 250 270 245 232 258 235 252 244 253 249 245 240 250 261 253 261 266 226 245 251 267 243 243 247 243 239 238 224 244 260 262 255 253 162 180 187 192 160 165 166 164 164 177 179 159 180 156 187 185 154 161 168 182 172 151 162 171 176 174 181 198 181 186 178 196 177 176 213 183 169 155 149 173 246 267 254 253 250 252 265 265 258 253 256 256 257 249 256 241 239 272 256 245 261 248 262 233 264 269 238 248 244 234 230 240 273 260 240 229 267 255 248 250
264 250 262 237 254 261 252 244 255 236 257 247 262 242 261 263 262 263 260 240 264 249 260 268 260 254 254 234 251 237 256 239 264 244 250 236 241 235 259 249 258 250 257 260 225 241 248 234 266 255 240 257 253 247 261 223 229 240 247 252 234 256 253 271 255 260 236 248 249 262 235 237 254 250 273 261 250 241 250 227 241 240 256 214 269 247 225 233 236 255 248 241 247 233 250 253 248 263 219 231 248 236 225 250 248 242 237 249 235 241 237 222 255 233 247 233 241 241 205 246 244 233 251 256 247 249 260 241 242 235 255 274 245 257 250 232 256 245 245 262 241 254 260 262 250 262 248 247 247 247 261 251 228 262 258 239 248 235 240 237
246 242 257 254 239 246 277 240 243 250 241 233 250 238 246 240 245 237 218 236 232 252 241 227 236 249 247 225 260 249 247 243 246 241 218 241 258 238 246 231 245 256 225 272 251 255 256 241 251 264 240 275 258 239 246 227 257 245 246 253 248 240 267 253 231 229 249 233 251 242 269 241 246 264 273 251 252 239 264 246 248 253 251 263 251 254 254 238 251 246 244 244 239 256 251 256 250 237 248 265 253 244 236 232 261 247 250 250 264 232 252 270 257 257 249 237 253 250 259 247 241 239 241 267 242 253 243 236 261 252 237 254 235 232 247 242 258 252 244 274 264 253 242 247 252 243 270 246 235 244 246 234 233 246 249 229 254 249 244 272
51 55 68 81 62 61 69 81 53 47 51 64 45 43 63 69 40 39 48 55 31 30 35 43 37 50 51 49 44 52 51 50 45 38 36 63 43 41 43 32 266 247 263 254 221 241 232 235 239 235 245 249 254 235 254 242 235 247 247 240 262 240 252 263 254 259 267 241 227 248 244 250 242 246 243 248 229 257 235 250 0 0 0 0 0 0 0 0 0 0 0 0 0 0 0 0 0 0 0 0 0 0 0 0 0 0 0 0 0 0 0 0 0 0 0 0 0 0 0 0 155 145 156 147 151 147 152 148 144 146 162 166 169 140 154 154 142 150 159 154 134 147 145 147 179 161 170 153 167 152 163 160 147 147 149 149 143 144 139 134
0 0 0 0 0 0 0 0 0 0 0 0 0 0 0 0 0 0 0 0 0 0 0 0 0 0 0 0 0 0 0 0 0 0 0 0 0 0 0 0 179 160 170 168 151 181 157 164 157 148 146 148 150 146 153 172 172 165 154 155 158 146 149 161 160 172 154 151 166 154 167 169 153 158 153 173 174 158 165 141 54 62 67 86 59 59 53 59 48 54 61 65 36 43 42 57 45 47 43 46 34 44 46 53 42 37 45 43 38 49 50 59 62 54 59 74 49 47 50 54 244 240 260 253 234 263 247 238 242 246 237 251 241 235 236 244 245 251 249 252 237 256 244 254 226 230 223 248 246 236 242 254 231 236 228 246 243 221 244 239
36 48 57 64 50 58 69 77 43 52 37 50 40 48 53 66 57 64 65 91 52 59 63 61 59 56 50 64 42 48 49 46 37 39 45 54 33 35 29 25 264 244 221 257 244 234 252 250 227 244 232 226 222 236 244 237 254 238 254 252 223 244 244 212 246 234 239 241 255 244 235 242 248 239 218 235 249 247 230 228 0 0 0 0 0 0 0 0 0 0 0 0 0 0 0 0 0 0 0 0 0 0 0 0 0 0 0 0 0 0 0 0 0 0 0 0 0 0 0 0 159 149 169 163 152 162 166 155 163 143 166 167 160 169 142 139 137 134 145 150 149 148 147 155 179 158 157 166 143 182 164 154 152 150 155 153 158 143 160 142
0 0 0 0 0 0 0 0 0 0 0 0 0 0 0 0 0 0 0 0 0 0 0 0 0 0 0 0 0 0 0 0 0 0 0 0 0 0 0 0 175 158 157 174 176 173 166 156 161 156 149 165 152 163 155 159 167 147 142 137 141 148 154 156 164 167 150 144 168 130 149 143 139 137 132 142 157 148 149 139 44 53 53 71 53 61 54 62 46 47 46 57 42 60 59 64 48 51 67 84 57 55 60 72 38 50 53 52 40 38 45 48 41 45 53 54 37 37 33 40 264 254 245 242 247 238 244 225 248 245 235 246 244 254 257 237 263 234 257 238 233 257 276 251 249 249 246 258 241 252 243 233 239 240 227 240 230 220 250 225
67 70 74 86 63 57 71 86 66 66 64 77 79 66 86 87 70 66 89 82 66 60 66 84 77 84 96 84 80 87 91 95 88 82 87 97 57 57 78 65 255 261 264 243 225 263 236 248 253 234 234 252 226 246 264 245 267 245 256 240 246 255 259 252 251 244 240 248 238 247 244 249 249 259 265 259 253 243 258 230 251 248 250 250 242 248 229 231 216 254 247 241 269 232 255 235 236 260 257 245 251 231 250 250 244 239 229 241 232 250 252 246 248 240 235 237 251 242 237 242 234 241 255 258 252 246 257 239 247 250 268 257 246 241 237 234 266 246 233 245 259 268 244 253 246 255 244 246 251 265 249 242 253 251 247 252 255 240 264 249
247 244 252 232 235 241 262 243 233 245 237 255 242 228 245 271 267 235 266 232 247 256 248 239 230 251 236 249 241 254 239 248 261 236 245 233 251 248 239 248 235 227 235 253 261 257 243 240 258 273 237 233 244 236 249 237 227 262 240 260 226 250 222 238 263 261 251 241 244 251 268 256 271 246 248 235 231 228 249 219 60 58 58 77 50 67 72 57 60 66 60 66 77 69 84 90 69 76 75 88 67 72 71 88 83 80 80 79 73 74 79 67 62 75 82 101 56 58 50 52 252 255 261 242 235 234 254 257 273 240 254 270 247 238 254 244 240 241 261 253 247 240 254 263 248 252 240 242 226 229 234 268 246 246 245 244 259 253 236 248
184 182 177 198 159 166 180 212 174 174 159 182 150 154 178 176 150 156 163 194 156 154 155 174 177 189 181 172 176 186 173 170 172 183 195 200 164 181 168 161 263 253 234 250 260 256 250 244 247 251 266 245 250 234 248 223 254 251 254 248 235 265 244 246 247 248 244 252 245 240 267 223 271 244 259 251 249 241 244 249 247 241 252 250 258 262 243 231 233 249 245 246 246 250 256 233 240 243 240 242 254 251 252 231 225 252 248 234 243 253 247 262 257 246 242 223 244 242 236 249 236 251 262 253 229 257 249 253 250 242 257 253 264 258 249 257 265 249 266 251 247 256 243 223 255 270 251 240 248 245 256 249 251 236 242 244 258 249 245 260
245 248 253 248 229 234 262 226 242 228 253 246 222 244 248 237 248 258 262 233 210 240 257 236 236 226 246 248 234 247 243 244 242 230 265 247 253 261 234 262 256 246 251 250 257 246 238 223 247 252 253 260 262 257 253 257 254 258 253 253 257 250 270 272 249 255 241 239 281 267 243 286 238 262 273 263 246 248 253 255 174 184 188 190 165 175 170 171 176 163 161 183 163 152 165 181 150 163 154 173 162 171 172 187 173 166 163 170 172 184 184 200 178 186 182 204 157 179 166 190 231 254 241 250 257 242 260 262 249 244 249 232 243 269 244 258 250 266 233 245 252 241 245 264 254 261 253 261 254 244 252 240 253 239 238 256 233 251 262 254
253 243 238 241 244 262 235 245 252 247 258 257 262 236 244 249 230 241 277 241 233 259 258 243 244 244 246 259 238 245 254 281 252 254 259 244 244 262 254 252 237 260 259 261 247 245 243 247 253 251 245 255 262 248 255 251 273 238 254 236 237 249 253 239 240 265 228 235 246 242 255 261 243 236 266 246 228 254 261 254 256 239 249 248 249 251 229 244 220 229 236 237 234 240 247 254 231 256 239 248 236 232 237 242 246 233 261 265 265 249 238 247 244 216 249 222 235 244 239 216 253 241 250 260 255 241 244 259 237 237 252 253 254 225 234 264 263 266 258 255 249 254 240 253 241 248 259 257 237 248 246 249 259 258 239 256 236 269 256 266
225 245 244 244 240 255 243 232 246 243 236 228 226 221 246 250 232 245 251 234 237 237 244 236 240 235 257 228 228 255 230 244 231 240 241 251 235 235 260 243 262 243 242 244 267 245 250 242 238 245 240 235 259 243 245 255 237 255 269 243 272 234 265 258 258 244 251 251 266 253 263 249 279 254 232 245 236 242 236 234 253 253 259 254 255 245 237 248 249 254 256 252 249 268 252 243 273 245 238 255 237 266 253 251 275 265 245 247 236 255 258 263 246 262 266 266 226 251 258 276 253 251 245 244 241 270 248 232 264 260 247 257 228 239 254 236 240 246 237 222 246 236 239 251 238 251 248 240 244 255 236 262 257 233 251 266 258 246 241 238
45 55 67 86 59 58 74 89 59 55 49 61 44 34 64 70 42 21 51 53 26 32 31 42 44 47 57 56 38 57 49 59 34 38 38 52 34 48 40 42 245 235 211 244 229 253 248 253 265 244 230 249 237 246 235 238 239 236 251 236 232 238 244 243 237 251 239 251 246 249 229 246 225 245 256 245 236 222 234 262 0 0 0 0 0 0 0 0 0 0 0 0 0 0 0 0 0 0 0 0 0 0 0 0 0 0 0 0 0 0 0 0 0 0 0 0 0 0 0 0 137 150 154 161 149 146 155 152 150 134 150 156 163 157 165 156 152 156 138 158 170 152 171 168 184 170 161 192 169 159 154 157 149 146 154 133 135 151 149 135
0 0 0 0 0 0 0 0 0 0 0 0 0 0 0 0 0 0 0 0 0 0 0 0 0 0 0 0 0 0 0 0 0 0 0 0 0 0 0 0 176 175 153 160 164 171 162 144 155 141 160 156 156 153 150 155 145 158 171 148 158 159 166 158 162 150 159 171 154 166 162 163 148 171 168 158 144 140 165 152 54 58 66 76 66 67 61 68 45 57 56 69 38 44 43 46 41 46 37 48 37 50 55 70 36 34 43 50 40 48 52 62 47 57 76 72 46 37 41 48 247 243 266 244 265 253 250 240 258 247 238 260 271 239 236 241 243 238 256 249 255 237 254 246 247 241 239 241 241 239 240 233 235 251 253 260 244 228 247 247
42 46 54 73 54 62 54 74 49 37 48 54 46 53 52 50 61 60 81 79 67 59 52 70 51 51 53 60 43 53 42 59 34 36 48 48 32 35 32 31 245 230 236 247 228 251 252 250 249 251 239 264 240 230 238 254 246 256 245 248 238 240 230 273 226 232 243 247 234 240 241 245 267 250 250 234 254 233 234 235 0 0 0 0 0 0 0 0 0 0 0 0 0 0 0 0 0 0 0 0 0 0 0 0 0 0 0 0 0 0 0 0 0 0 0 0 0 0 0 0 159 153 157 161 161 164 179 165 168 156 171 160 145 146 156 169 139 145 141 158 153 162 153 152 148 184 161 157 157 158 158 146 157 161 151 153 153 146 143 145
0 0 0 0 0 0 0 0 0 0 0 0 0 0 0 0 0 0 0 0 0 0 0 0 0 0 0 0 0 0 0 0 0 0 0 0 0 0 0 0 159 172 160 158 169 160 172 190 161 169 159 156 157 161 173 152 167 161 132 141 160 156 144 163 147 150 161 146 140 160 139 151 125 139 137 140 139 140 157 154 47 43 54 56 41 53 51 56 44 49 52 70 54 60 64 73 51 60 56 72 57 62 70 84 51 49 49 50 40 43 37 48 37 43 44 55 32 37 42 34 250 221 252 247 233 244 246 248 228 254 240 246 242 245 246 244 236 220 244 248 239 237 244 255 251 248 235 256 257 270 243 236 229 255 263 235 240 229 240 240
59 66 75 86 72 73 73 88 69 77 77 78 85 66 72 92 51 69 82 93 70 72 63 80 72 85 90 70 69 88 75 83 79 78 90 88 65 62 64 58 252 231 283 239 259 244 265 251 258 246 243 253 246 252 237 263 243 259 273 249 241 234 252 239 221 255 255 246 267 239 261 250 237 248 265 263 258 243 233 247 228 251 254 227 245 240 233 246 245 257 225 246 245 230 237 237 236 241 249 265 261 261 246 248 227 233 238 224 236 239 260 242 259 243 254 243 246 220 229 251 245 242 244 258 222 231 250 235 259 253 261 248 219 255 236 244 257 246 259 252 251 240 252 244 234 261 246 252 236 259 234 228 238 242 250 262 241 259 225 230
255 247 259 253 236 232 244 247 231 258 245 243 234 252 253 256 250 248 244 268 233 244 235 235 251 252 238 260 272 258 264 253 237 231 257 243 250 250 242 259 240 241 239 253 249 239 224 250 251 261 255 243 243 251 252 243 236 261 261 236 258 240 244 255 234 240 266 240 254 247 249 246 239 268 256 235 259 246 242 236 61 61 62 86 62 66 69 63 62 65 75 69 60 75 90 101 72 93 82 86 67 73 85 98 86 77 76 74 85 73 80 82 67 71 82 77 52 56 58 56 247 252 240 224 252 246 237 238 247 246 261 247 265 235 243 259 252 252 260 258 251 243 251 236 253 252 257 252 243 257 250 248 255 241 245 251 267 229 251 233
173 183 180 198 182 182 199 190 170 182 164 193 168 160 174 173 157 155 154 194 176 154 155 193 187 180 188 183 172 175 172 177 169 180 185 181 162 177 175 164 241 259 257 228 248 246 255 255 252 255 267 215 246 251 252 246 254 245 268 254 226 230 242 232 251 246 247 259 259 243 270 248 236 250 229 266 233 277 243 243 260 200 251 241 257 241 248 255 237 238 260 229 240 243 261 246 219 248 245 244 255 239 249 215 249 264 268 230 243 256 229 230 244 254 222 241 233 236 241 224 253 251 246 248 255 250 251 249 239 264 222 266 265 263 232 247 270 254 262 235 266 249 239 237 243 264 254 257 270 245 271 249 266 237 250 253 240 251 267 270
257 244 253 251 239 248 251 248 247 245 258 243 245 244 242 252 241 241 256 250 218 270 254 238 233 246 250 241 252 234 271 248 235 227 250 231 270 238 256 260 247 253 264 262 242 257 251 239 246 264 246 248 236 249 248 254 239 240 253 230 256 248 260 261 257 241 238 258 243 237 246 251 240 244 251 267 258 243 251 266 189 170 190 189 138 170 174 161 153 169 180 177 174 162 180 168 147 160 151 176 168 169 165 191 174 163 206 164 179 185 191 180 184 172 172 198 150 174 164 172 254 234 221 246 254 256 251 252 249 247 253 225 257 233 252 266 267 253 242 256 234 251 244 265 248 248 238 252 248 261 244 249 264 253 266 247 245 259 249 243
238 274 244 261 261 245 255 230 259 232 243 260 244 231 272 251 238 248 260 250 244 243 255 269 253 267 237 248 274 266 250 253 265 248 257 231 249 234 250 240 242 254 252 238 231 265 268 238 236 239 252 238 230 260 242 233 270 243 254 255 230 269 262 265 256 233 226 244 246 266 248 230 239 262 248 249 247 244 248 268 261 229 261 245 254 246 238 256 236 240 275 244 239 248 231 247 246 245 251 235 228 243 234 233 238 245 249 255 237 253 230 248 237 249 226 267 233 247 228 244 247 258 265 245 243 244 251 230 252 259 249 264 262 260 247 248 255 239 242 245 256 276 268 269 235 268 254 266 256 242 250 261 263 247 247 252 239 253 255 245
253 243 236 244 239 212 246 259 253 234 214 246 236 250 244 252 247 251 265 232 230 244 249 250 255 227 233 258 251 241 263 246 254 245 224 228 256 237 248 248 234 264 257 246 251 248 237 241 267 260 251 259 242 252 233 247 255 246 242 238 247 245 269 259 263 251 280 247 275 242 249 261 255 247 243 293 241 242 234 248 254 227 263 264 248 229 260 274 263 270 272 242 252 246 252 250 242 255 250 238 250 258 247 266 249 255 234 261 222 262 243 261 238 264 250 245 252 252 232 245 262 239 243 249 270 242 238 254 242 232 250 261 239 225 264 256 248 242 276 271 246 243 226 234 252 252 254 224 256 264 258 238 241 237 260 251 245 270 250 253
43 56 74 85 62 71 71 87 57 59 45 68 46 56 52 65 40 42 58 65 34 41 40 54 42 42 49 45 39 57 52 52 43 39 40 70 32 43 46 33 261 228 228 232 257 244 230 225 248 232 239 241 233 254 225 236 230 224 224 249 250 240 248 244 245 226 243 248 259 247 241 246 259 243 244 239 231 245 229 228 0 0 0 0 0 0 0 0 0 0 0 0 0 0 0 0 0 0 0 0 0 0 0 0 0 0 0 0 0 0 0 0 0 0 0 0 0 0 0 0 139 141 140 140 157 142 141 128 157 138 156 168 162 141 161 153 146 157 151 156 170 168 164 158 164 173 173 159 172 162 138 147 155 149 176 157 155 146 150 135
0 0 0 0 0 0 0 0 0 0 0 0 0 0 0 0 0 0 0 0 0 0 0 0 0 0 0 0 0 0 0 0 0 0 0 0 0 0 0 0 161 179 151 170 165 165 163 167 171 153 144 152 146 148 167 163 154 151 164 158 158 153 144 175 171 147 163 167 164 156 155 161 150 154 172 151 153 167 153 154 60 72 68 77 64 72 65 63 48 56 62 78 41 44 43 57 43 40 41 48 39 47 52 57 41 42 50 50 46 51 50 53 57 58 73 78 48 41 44 59 243 251 248 228 255 259 263 244 241 235 263 237 258 248 247 240 228 221 251 251 239 243 254 244 251 251 234 261 267 252 256 256 235 241 255 222 252 225 245 241
49 55 50 69 48 61 68 75 47 51 43 54 47 50 50 63 68 66 63 86 51 58 58 73 58 59 55 59 44 43 47 52 39 42 53 52 29 41 26 28 251 231 242 234 231 267 229 247 251 240 236 264 261 218 226 238 237 244 248 248 240 245 238 245 225 249 243 243 230 232 229 249 231 264 245 229 271 228 260 245 0 0 0 0 0 0 0 0 0 0 0 0 0 0 0 0 0 0 0 0 0 0 0 0 0 0 0 0 0 0 0 0 0 0 0 0 0 0 0 0 154 163 157 166 174 151 156 160 150 161 179 149 161 147 151 167 157 162 153 162 143 167 143 153 152 170 149 168 160 166 163 150 152 171 172 149 133 142 165 160
0 0 0 0 0 0 0 0 0 0 0 0 0 0 0 0 0 0 0 0 0 0 0 0 0 0 0 0 0 0 0 0 0 0 0 0 0 0 0 0 161 164 167 167 182 156 166 152 170 167 145 156 162 172 147 157 144 146 150 162 154 143 144 143 154 130 129 141 143 148 178 146 139 148 147 167 176 169 157 133 33 42 43 61 48 53 52 60 45 41 47 65 51 59 76 77 58 66 73 82 66 59 57 77 53 46 60 52 33 40 37 48 37 45 47 67 36 41 32 36 240 239 244 221 230 228 248 260 240 243 243 262 215 233 242 219 259 258 235 247 241 243 257 241 233 239 258 247 237 249 245 232 238 249 240 244 255 250 260 236
67 69 82 87 72 62 74 95 74 60 67 77 69 66 72 84 68 83 69 84 74 74 72 80 91 79 85 77 74 74 72 83 67 83 75 98 65 61 77 68 261 248 255 250 252 246 245 261 270 245 256 255 253 249 255 240 234 253 267 247 241 241 237 245 241 243 250 243 251 277 247 254 242 256 246 244 237 243 263 261 248 225 242 238 222 234 250 241 233 255 257 249 221 231 258 249 235 247 248 247 246 246 242 248 244 238 254 259 225 242 251 233 247 253 265 247 254 256 231 252 241 253 233 246 238 248 265 246 268 250 242 251 253 248 230 231 226 242 243 245 245 260 249 233 244 255 271 246 253 260 232 263 247 265 250 229 256 248 245 252
251 239 250 248 227 221 239 232 239 239 245 251 239 221 243 224 250 240 248 242 249 249 247 244 240 239 247 232 251 250 240 242 246 244 235 238 248 247 245 225 244 254 245 264 260 245 239 245 242 238 250 272 241 239 259 242 237 252 257 251 240 257 259 242 245 250 245 252 246 231 224 246 232 255 242 243 234 250 235 245 63 50 70 83 73 68 66 61 55 61 72 75 74 74 81 95 73 71 82 89 68 77 76 98 80 69 81 75 76 87 76 88 69 82 85 103 60 39 50 73 266 248 249 244 246 250 236 246 256 252 238 248 252 261 265 241 258 234 265 232 246 251 259 243 243 254 246 255 252 253 248 235 240 237 264 258 266 246 241 240
173 179 170 180 177 186 197 213 172 195 174 183 164 153 182 180 157 152 179 175 163 149 162 179 170 182 177 185 167 168 177 195 156 184 188 196 169 187 173 160 241 244 244 259 251 241 239 263 263 235 244 254 232 245 234 236 265 284 245 260 253 258 260 260 259 257 271 256 237 233 247 268 236 243 238 246 256 254 254 262 262 245 248 242 238 233 259 260 235 242 260 253 241 242 233 229 245 237 241 228 256 246 257 254 247 249 249 237 247 226 247 238 251 246 262 250 245 226 251 240 256 262 244 243 229 257 274 246 240 236 231 262 229 234 251 264 248 253 232 251 244 256 236 254 258 255 232 229 234 257 229 246 252 261 259 239 238 264 239 247
237 254 254 246 240 243 246 253 245 247 231 250 248 246 236 243 240 241 267 245 244 244 253 247 245 256 257 246 234 245 264 244 233 244 237 235 238 278 242 251 245 259 239 260 260 238 255 248 243 247 259 248 227 233 242 261 235 247 246 236 255 244 226 244 243 244 235 244 259 249 253 260 241 251 232 236 273 247 245 240 165 183 182 197 178 170 174 173 171 171 170 179 163 166 187 171 168 150 164 184 174 173 175 199 169 175 180 188 173 174 187 193 163 162 184 193 170 169 171 188 255 244 256 239 250 257 266 250 242 248 254 257 246 259 249 253 237 238 266 261 243 239 263 259 257 258 256 281 265 237 242 251 275 250 256 242 248 276 249 280
246 252 266 247 241 235 225 252 255 255 257 248 250 248 231 253 268 249 247 260 257 268 247 253 249 270 231 258 255 266 244 256 244 252 242 247 245 259 237 249 252 247 236 243 245 246 254 256 241 257 239 265 235 262 251 247 259 237 236 262 248 257 251 254 249 230 260 250 274 259 235 233 273 246 255 249 239 249 238 238 231 247 242 228 218 240 239 221 239 245 251 238 234 232 252 240 228 234 258 247 246 235 233 234 252 243 230 237 216 255 265 247 239 230 251 241 233 231 219 244 238 245 243 249 239 259 233 228 234 246 248 250 230 248 256 253 259 233 249 241 267 240 265 257 248 257 241 243 263 252 238 251 293 259 259 251 256 251 246 244
228 234 250 229 256 256 225 259 262 242 239 218 255 243 232 255 235 239 237 249 246 241 245 245 244 235 270 247 264 245 258 238 231 239 239 242 243 242 238 266 264 251 228 241 258 249 257 269 264 254 236 251 253 246 258 242 245 246 264 260 252 259 253 267 236 254 267 263 234 240 245 225 235 255 262 259 256 258 234 248 261 264 244 261 256 247 257 231 250 251 261 243 247 272 241 244 251 272 233 263 249 237 253 243 254 239 235 252 235 249 245 244 245 262 246 275 239 260 260 256 258 266 247 252 239 263 236 252 244 250 247 251 255 256 249 239 259 248 236 253 266 253 263 245 268 243 265 232 257 258 230 262 240 246 268 252 244 252 263 249
50 63 74 80 50 59 67 83 51 53 43 55 41 44 50 60 43 40 53 62 44 52 59 60 36 42 40 48 42 27 40 61 35 42 46 68 38 48 39 31 257 247 258 233 243 233 248 245 226 264 243 229 273 239 239 266 242 252 243 245 249 252 233 251 257 232 242 243 272 238 257 225 233 243 240 263 258 245 261 241 0 0 0 0 0 0 0 0 0 0 0 0 0 0 0 0 0 0 0 0 0 0 0 0 0 0 0 0 0 0 0 0 0 0 0 0 0 0 0 0 132 143 164 156 145 144 145 167 150 147 141 169 175 155 151 167 144 146 160 165 158 162 157 153 166 178 147 169 177 166 175 153 146 158 148 151 134 134 147 138
0 0 0 0 0 0 0 0 0 0 0 0 0 0 0 0 0 0 0 0 0 0 0 0 0 0 0 0 0 0 0 0 0 0 0 0 0 0 0 0 172 168 155 169 163 149 163 161 157 168 158 167 146 170 153 149 155 168 153 167 155 159 171 167 153 163 154 161 160 163 139 164 168 155 152 145 151 171 142 154 62 65 68 67 55 56 66 58 44 40 52 60 38 50 54 51 42 48 47 42 35 39 50 50 50 36 46 52 50 53 64 57 58 65 71 72 25 34 45 43 239 222 248 249 254 248 250 259 243 238 250 252 234 238 236 250 228 242 251 239 232 257 262 240 250 260 247 254 248 229 243 244 243 244 256 254 230 235 234 244
40 52 56 80 48 53 58 81 51 53 50 60 50 53 55 78 60 74 72 79 45 43 54 69 38 46 47 56 35 35 47 42 32 37 35 47 30 37 40 38 264 236 209 250 236 256 238 228 235 250 235 247 247 243 236 248 231 237 245 230 240 236 247 262 222 232 246 244 233 232 246 229 253 231 257 234 258 233 247 247 0 0 0 0 0 0 0 0 0 0 0 0 0 0 0 0 0 0 0 0 0 0 0 0 0 0 0 0 0 0 0 0 0 0 0 0 0 0 0 0 156 168 160 157 160 175 172 148 151 141 159 165 155 138 153 138 144 146 145 147 148 161 137 148 157 176 142 156 151 137 159 161 160 157 143 152 181 150 142 152
0 0 0 0 0 0 0 0 0 0 0 0 0 0 0 0 0 0 0 0 0 0 0 0 0 0 0 0 0 0 0 0 0 0 0 0 0 0 0 0 144 172 146 163 165 163 164 167 171 160 160 140 162 144 155 157 166 145 131 161 152 148 156 149 139 134 161 138 156 156 160 139 142 129 148 148 136 175 151 156 54 48 54 71 42 51 66 51 47 60 65 72 51 63 68 69 60 55 71 77 56 53 70 43 44 41 41 36 50 36 38 51 52 47 53 69 37 25 39 44 247 245 240 252 237 247 232 257 239 256 236 250 255 241 248 235 243 221 240 259 216 235 237 223 238 233 237 228 255 220 241 253 263 246 237 244 238 251 236 255
36 42 57 74 46 45 57 70 52 60 55 58 49 46 54 65 38 62 55 64 46 46 45 63 63 60 68 64 38 58 56 65 45 57 52 69 37 33 28 38 245 242 263 251 248 259 243 245 259 257 260 257 261 249 257 268 268 243 252 244 249 254 246 247 276 254 248 266 258 252 246 256 275 293 253 251 262 260 251 250 273 235 248 239 243 254 234 228 232 240 254 243 240 228 232 247 234 235 244 232 257 232 249 267 243 238 239 238 251 243 228 248 247 263 261 245 226 265 257 232 234 257 258 246 245 252 262 250 256 242 252 245 253 243 244 247 236 253 230 238 242 232 264 252 257 265 241 262 245 253 242 252 247 225 253 255 248 255 233 263
229 247 257 261 242 243 250 229 246 232 228 226 235 248 234 241 244 221 241 227 250 237 239 246 253 246 251 235 239 246 257 251 254 243 249 253 254 236 247 224 234 227 242 248 232 239 251 248 258 229 270 251 229 230 225 254 243 247 268 236 266 212 261 253 261 245 259 238 241 236 268 260 237 253 266 243 244 250 243 261 33 44 49 59 37 53 47 55 38 43 50 63 59 50 63 73 55 46 62 68 47 39 46 68 54 49 63 56 56 56 56 56 48 44 55 62 29 27 30 32 235 254 248 240 243 235 243 247 263 274 249 278 253 240 249 270 252 276 239 245 260 242 258 262 245 255 256 243 278 276 240 255 235 260 234 262 223 256 252 251
144 155 165 180 141 148 163 166 142 133 126 141 117 136 147 150 133 131 151 164 128 135 120 142 156 152 149 159 151 141 146 165 156 157 151 173 137 140 152 147 260 222 225 244 256 235 248 251 233 248 263 240 245 258 245 236 254 236 225 258 252 228 240 243 239 265 244 275 248 259 253 258 245 266 256 247 260 225 260 268 249 253 250 223 241 254 235 248 216 244 238 229 265 243 251 235 246 259 236 234 248 253 228 234 251 266 223 231 234 244 236 243 242 238 280 243 249 238 238 248 268 257 253 245 229 239 234 244 252 260 246 261 244 230 248 257 256 249 261 244 244 255 245 240 223 240 255 233 252 268 250 251 235 247 254 255 252 246 255 262
238 237 235 222 235 230 213 225 256 235 249 239 250 221 233 230 247 262 240 255 238 241 231 232 249 231 245 243 236 246 253 228 267 242 244 219 236 244 225 238 239 248 256 260 250 259 227 258 265 243 258 246 251 234 231 248 232 254 262 228 245 256 241 242 252 243 234 257 231 270 258 266 253 249 258 246 258 255 278 239 143 144 156 151 143 151 137 129 134 137 128 149 135 132 154 153 138 144 147 158 141 138 140 167 157 147 160 153 145 162 150 181 182 180 180 173 150 151 135 143 250 256 257 245 250 238 257 244 249 256 247 242 285 249 253 249 230 248 271 243 256 244 252 242 262 238 258 251 249 254 241 242 248 265 263 281 252 242 241 244
259 244 243 238 233 228 253 236 245 257 249 264 248 248 276 258 267 242 239 245 240 233 242 255 236 242 251 252 231 236 242 251 237 246 222 251 236 241 243 249 238 266 237 244 247 272 248 242 248 254 262 274 245 251 272 266 247 248 237 225 256 245 252 237 259 250 261 247 233 238 251 262 252 259 241 248 261 259 236 226 234 257 254 239 260 245 254 237 249 247 257 249 239 240 240 257 259 258 236 236 250 233 243 248 219 238 254 236 236 259 241 243 251 233 234 256 238 243 255 248 248 241 238 239 273 258 229 240 259 258 240 254 251 250 263 264 258 260 248 222 251 245 257 253 259 248 261 249 251 235 265 251 249 276 261 259 261 245 260 234
260 243 246 241 262 244 251 267 232 235 232 236 234 252 246 271 261 235 232 237 231 238 251 238 259 250 277 246 243 232 249 239 248 240 257 247 239 236 260 238 251 248 229 254 241 232 244 247 244 258 266 228 254 255 243 247 240 233 257 236 257 255 257 244 254 248 262 242 250 232 224 248 247 240 236 281 260 277 237 234 240 243 237 256 250 236 252 242 245 224 261 236 240 235 229 246 229 242 261 251 256 231 233 272 249 246 249 253 249 247 229 250 244 246 247 249 244 254 226 249 258 242 262 251 246 255 248 254 249 241 244 263 249 254 259 255 252 251 251 235 245 250 258 250 236 248 241 238 239 262 228 232 234 258 254 253 258 240 253 268
59 64 59 77 50 64 70 69 58 51 55 59 44 40 43 55 37 44 56 54 48 45 48 67 43 57 48 52 38 45 40 45 34 40 46 67 55 57 46 46 255 234 266 232 244 252 262 259 255 265 246 247 233 228 262 243 247 247 242 244 246 253 249 244 250 241 236 253 226 250 240 237 258 232 261 229 250 242 241 256 0 0 0 0 0 0 0 0 0 0 0 0 0 0 0 0 0 0 0 0 0 0 0 0 0 0 0 0 0 0 0 0 0 0 0 0 0 0 0 0 146 150 152 162 154 144 172 152 152 148 172 155 156 176 159 157 158 158 178 179 178 157 164 166 168 179 169 168 170 171 173 152 164 163 152 141 147 149 150 133
0 0 0 0 0 0 0 0 0 0 0 0 0 0 0 0 0 0 0 0 0 0 0 0 0 0 0 0 0 0 0 0 0 0 0 0 0 0 0 0 175 164 170 146 168 163 151 162 154 151 171 154 155 155 152 160 167 157 163 163 156 163 162 161 172 154 168 168 163 174 147 169 160 148 157 151 176 157 159 146 59 56 77 72 45 57 56 61 43 52 54 61 41 40 36 49 47 52 51 52 44 44 50 62 56 37 42 45 52 58 61 59 52 51 70 72 44 38 46 52 245 263 250 228 248 233 248 244 247 258 251 257 220 232 242 229 242 246 235 241 249 251 263 245 245 248 252 233 236 245 262 237 236 250 260 237 233 242 264 243
43 45 61 81 51 52 60 72 50 42 50 53 45 55 59 77 59 69 77 80 54 48 50 66 47 50 44 59 34 41 35 45 31 38 38 55 34 42 43 40 246 256 248 238 242 230 261 243 259 243 267 254 257 235 259 232 251 243 272 241 261 245 250 256 247 237 232 244 248 270 247 214 249 244 229 260 230 245 260 237 0 0 0 0 0 0 0 0 0 0 0 0 0 0 0 0 0 0 0 0 0 0 0 0 0 0 0 0 0 0 0 0 0 0 0 0 0 0 0 0 157 160 161 154 154 152 149 155 155 146 162 146 157 147 149 162 151 153 153 161 152 143 163 169 164 171 139 155 164 164 156 170 149 163 153 154 137 152 149 157
0 0 0 0 0 0 0 0 0 0 0 0 0 0 0 0 0 0 0 0 0 0 0 0 0 0 0 0 0 0 0 0 0 0 0 0 0 0 0 0 149 161 171 138 156 161 185 161 173 162 160 141 158 157 148 168 154 149 144 152 153 147 147 144 145 133 157 149 135 150 133 137 146 135 148 152 156 160 143 153 49 47 63 79 45 58 59 53 51 50 57 82 61 57 72 74 63 65 66 91 52 50 54 53 34 37 37 36 54 38 40 58 48 49 55 61 32 29 37 42 231 247 243 246 239 251 256 243 241 233 238 252 230 252 243 236 252 265 262 256 235 243 245 256 246 260 233 252 249 232 268 248 209 242 239 250 241 231 247 275
44 39 47 62 44 50 56 77 48 60 48 51 53 46 50 55 34 42 58 68 48 49 50 63 49 63 63 57 45 56 54 64 47 53 56 63 37 35 36 29 265 229 243 268 239 228 234 259 251 247 236 263 242 259 249 263 266 257 249 249 244 256 250 259 257 234 260 265 264 255 253 258 242 256 255 240 260 249 229 260 242 214 230 218 235 242 238 236 219 233 218 243 220 243 244 240 241 252 239 219 246 240 263 231 224 237 233 224 235 231 248 237 225 234 246 220 213 225 252 243 239 240 220 228 237 248 231 244 269 225 210 247 251 227 231 243 235 248 235 259 240 248 247 254 244 242 232 244 243 255 235 235 234 236 250 253 230 250 247 243
236 222 223 233 220 213 227 214 261 222 264 237 213 223 227 204 243 208 235 227 227 237 218 234 234 238 221 236 246 239 243 250 234 235 232 232 252 219 232 233 241 244 255 243 264 236 249 251 244 254 237 254 249 246 244 243 234 219 247 256 233 236 234 255 242 239 259 243 239 222 236 239 234 239 253 250 242 236 271 226 35 37 39 54 31 43 49 56 48 39 52 61 48 46 61 75 43 46 59 73 47 46 50 60 53 42 53 53 52 49 62 65 44 41 54 60 23 35 26 37 238 276 247 246 242 270 249 234 259 228 250 249 238 256 251 281 257 248 260 250 253 253 241 262 240 236 239 252 238 242 241 242 241 243 263 242 270 262 242 247
140 158 157 166 146 136 155 146 131 137 130 139 147 143 154 133 137 124 139 149 135 139 150 149 140 155 149 155 156 157 159 162 156 176 176 166 146 165 144 141 257 250 256 245 235 260 257 250 269 242 256 247 251 247 272 274 246 242 259 261 239 244 243 258 232 232 254 268 246 258 246 252 243 242 243 256 249 258 254 252 233 255 252 235 239 249 239 229 241 244 253 251 255 238 244 243 241 220 264 233 233 241 216 237 249 224 285 234 257 252 248 240 235 244 239 247 248 255 234 250 248 239 253 249 271 247 245 245 255 254 230 247 255 241 260 265 255 234 240 252 247 237 239 253 254 269 247 268 245 254 268 247 250 247 251 253 224 247 229 241
253 259 256 243 244 226 250 251 263 228 237 215 256 242 256 234 228 234 241 242 222 232 255 224 239 255 259 259 254 251 249 261 249 240 230 258 230 238 240 224 256 250 236 250 254 265 252 251 257 244 235 236 256 239 247 252 247 253 261 244 239 231 248 258 253 259 246 242 241 243 261 249 272 235 249 251 244 241 243 261 137 122 152 163 141 143 140 151 128 112 139 149 132 133 137 166 147 154 146 162 134 140 140 161 142 147 149 155 152 172 170 163 169 165 167 167 142 129 130 148 239 252 230 265 266 232 231 289 262 253 241 250 255 249 248 245 244 242 250 262 263 267 250 232 255 256 248 252 251 258 240 239 262 284 236 238 244 245 239 237
243 253 235 263 262 237 253 250 265 250 232 244 255 257 259 250 254 236 248 258 233 240 222 254 237 236 261 246 221 234 238 231 238 248 240 263 219 246 248 231 266 257 231 224 247 274 248 251 243 258 246 257 262 250 271 237 249 268 243 266 242 245 257 241 241 239 256 264 262 249 220 242 258 237 261 255 232 254 278 234 235 255 263 243 253 239 255 245 247 245 257 218 259 228 236 257 221 236 236 235 241 255 233 248 214 241 242 247 262 238 238 222 263 235 264 261 246 234 242 245 238 249 276 241 246 253 247 265 241 255 233 246 240 244 250 248 243 241 244 241 252 269 254 259 239 259 251 246 245 266 256 237 276 254 250 259 238 257 255 240
231 237 250 238 238 227 237 232 226 239 250 239 232 240 224 231 241 251 227 246 235 237 248 235 234 244 244 247 246 245 259 228 234 225 239 245 216 230 230 236 251 274 247 247 253 231 234 244 232 251 249 243 244 250 247 253 246 235 266 241 239 261 245 237 257 237 249 235 223 236 233 237 246 253 249 250 263 243 240 230 263 261 256 244 248 227 220 254 238 261 223 256 233 241 242 269 237 244 249 230 219 222 241 256 247 243 260 238 240 240 252 245 245 248 249 260 232 226 230 241 257 233 245 257 249 235 240 261 259 245 235 259 259 275 252 233 248 244 235 257 261 247 236 241 245 248 251 257 253 254 248 241 268 251 261 234 236 263 266 261
59 62 72 91 53 59 64 74 51 52 53 52 46 42 43 59 33 43 48 62 59 50 55 64 37 47 42 48 38 37 45 44 27 47 46 68 48 53 54 39 224 255 218 245 238 252 212 239 236 237 252 251 236 225 255 230 247 250 263 242 237 228 240 250 254 257 246 239 240 244 234 244 248 247 252 242 266 261 252 266 0 0 0 0 0 0 0 0 0 0 0 0 0 0 0 0 0 0 0 0 0 0 0 0 0 0 0 0 0 0 0 0 0 0 0 0 0 0 0 0 151 144 150 138 148 142 140 153 147 159 173 157 163 157 154 156 156 161 161 165 154 154 141 149 160 167 171 159 161 158 172 156 159 140 160 152 153 135 142 142
0 0 0 0 0 0 0 0 0 0 0 0 0 0 0 0 0 0 0 0 0 0 0 0 0 0 0 0 0 0 0 0 0 0 0 0 0 0 0 0 154 149 162 164 151 156 156 162 161 163 159 157 146 153 155 173 166 158 144 144 164 179 149 161 163 170 164 163 165 163 140 162 158 157 168 164 147 161 168 152 53 65 67 80 43 60 63 50 40 46 55 62 39 46 54 60 36 55 52 55 45 41 41 53 52 41 47 57 50 46 54 51 48 55 61 78 36 34 43 46 218 237 240 232 222 254 264 248 232 234 246 234 225 238 238 253 234 252 227 240 247 238 253 239 262 228 264 239 249 261 229 235 236 250 251 247 236 230 240 243
44 50 54 62 44 45 54 68 47 45 56 55 48 52 51 76 58 58 67 73 53 54 47 62 37 54 37 51 40 32 41 53 26 40 51 56 37 34 35 26 233 229 218 236 234 226 242 238 251 249 253 253 253 230 252 245 252 239 251 248 247 242 233 240 243 253 237 231 214 233 235 234 255 227 239 236 246 248 229 235 0 0 0 0 0 0 0 0 0 0 0 0 0 0 0 0 0 0 0 0 0 0 0 0 0 0 0 0 0 0 0 0 0 0 0 0 0 0 0 0 147 154 167 146 145 145 152 166 159 134 151 153 160 160 146 155 148 153 151 179 148 147 171 155 159 174 154 152 159 169 151 161 163 154 159 166 162 165 148 138
0 0 0 0 0 0 0 0 0 0 0 0 0 0 0 0 0 0 0 0 0 0 0 0 0 0 0 0 0 0 0 0 0 0 0 0 0 0 0 0 172 154 168 151 158 168 165 166 148 142 175 176 151 155 153 150 148 142 133 153 145 151 149 143 154 140 156 140 145 146 137 142 145 155 140 153 155 148 143 156 50 54 58 71 45 55 56 59 44 52 46 66 52 59 63 78 69 60 67 77 48 56 64 54 40 44 40 42 49 37 46 55 46 43 56 65 33 29 29 34 237 250 234 249 227 256 251 220 261 237 238 248 242 244 239 244 243 242 232 218 237 249 261 226 230 229 227 238 250 243 230 230 233 247 232 240 235 223 219 260
38 50 54 64 52 51 66 72 52 54 53 50 39 38 56 57 39 39 48 64 43 43 52 59 45 53 51 56 45 53 55 56 39 46 55 64 35 34 27 38 262 220 248 258 241 257 241 247 254 246 267 232 263 249 240 238 246 273 234 264 239 232 252 248 246 244 245 246 266 255 255 252 248 245 259 238 261 259 225 259 223 240 248 217 237 209 223 198 215 224 231 230 214 216 219 204 215 217 236 231 226 228 219 233 234 218 222 236 225 245 230 228 224 220 233 209 218 219 223 217 229 239 244 240 243 246 223 221 238 220 233 243 229 254 235 231 249 224 235 231 258 259 264 256 228 227 223 237 225 237 242 238 232 253 239 244 248 234 240 226
203 222 236 249 239 211 232 221 251 205 227 220 220 216 226 223 231 242 218 229 225 221 210 231 228 224 224 224 243 215 234 249 232 217 223 234 214 234 250 220 257 240 236 235 240 261 241 245 260 233 242 252 241 225 242 218 240 249 252 245 230 243 240 248 237 246 231 226 250 253 242 254 233 231 209 243 236 218 229 224 41 46 53 67 41 54 53 57 45 40 49 55 52 49 56 66 53 51 57 60 46 42 41 66 60 45 49 52 48 56 59 64 41 47 55 63 25 28 22 35 257 236 269 245 247 249 242 247 261 253 241 237 276 249 271 242 259 248 248 246 228 240 272 246 256 268 266 242 243 260 229 243 253 244 260 234 249 242 256 254
156 155 158 178 154 158 140 178 129 140 138 149 130 129 148 145 141 121 153 152 141 150 147 161 146 150 147 149 155 159 142 151 149 174 161 181 150 124 153 143 255 244 244 260 221 239 260 249 247 261 252 258 273 232 255 256 256 239 245 255 232 249 239 254 230 257 270 250 245 266 236 237 239 275 245 258 266 252 243 240 248 236 230 219 250 238 238 240 232 229 243 247 244 245 226 234 241 236 243 241 253 240 243 249 254 231 227 236 231 247 248 221 238 239 239 237 228 243 248 237 244 241 233 278 245 251 251 261 252 259 245 218 266 246 257 255 250 244 236 249 227 246 238 236 258 241 249 250 246 232 254 242 238 252 252 239 248 250 232 251
244 249 240 222 245 248 254 256 260 242 233 245 229 237 238 248 246 258 251 270 241 241 239 245 265 254 234 251 266 258 250 265 234 259 248 239 241 246 246 263 236 256 235 227 224 264 249 233 245 246 237 240 238 250 244 228 218 249 247 253 256 269 253 252 241 269 238 260 235 252 246 256 233 246 267 243 260 223 272 259 140 125 157 163 132 154 154 157 131 131 130 142 126 124 138 171 143 148 145 163 144 156 153 166 151 166 155 150 158 141 160 152 161 164 149 172 158 136 142 150 250 248 243 247 231 243 243 248 263 261 247 236 252 254 244 237 256 237 247 234 249 243 243 246 275 256 246 248 260 254 256 257 257 247 227 261 259 242 243 248
225 271 243 259 256 250 264 270 260 249 265 239 246 232 251 238 240 250 238 239 233 212 242 254 241 257 225 241 217 227 233 264 218 251 243 249 235 225 238 230 240 232 244 236 234 274 253 250 237 256 264 263 225 252 238 236 260 242 244 251 257 265 253 235 217 267 262 263 241 236 264 259 250 253 217 268 228 250 245 262 245 249 238 250 233 229 237 270 255 247 239 246 238 229 251 244 244 253 230 230 238 260 242 231 251 200 251 270 261 223 241 236 231 244 241 256 261 246 249 245 245 259 247 252 253 245 244 227 240 235 248 248 270 227 244 254 239 268 247 258 254 259 249 237 255 261 249 248 251 269 246 248 248 244 253 266 234 264 249 246
232 249 251 247 236 242 233 237 254 241 247 241 255 236 228 217 224 258 252 240 233 234 253 254 251 240 241 234 258 264 263 231 232 239 236 256 255 240 244 230 237 257 246 248 245 254 255 247 260 267 267 245 257 247 253 255 247 272 240 253 262 261 257 257 268 251 246 243 237 243 246 250 225 248 249 266 250 231 244 236 240 249 251 246 243 237 226 246 233 248 255 236 251 229 247 245 227 231 247 274 243 227 203 242 242 235 236 236 249 236 245 248 257 234 244 269 217 239 210 251 251 233 266 232 236 234 255 259 241 270 262 256 255 266 250 233 252 252 239 246 252 257 257 251 259 256 250 240 246 264 253 245 267 244 258 265 256 235 259 231
63 69 70 78 48 61 63 80 55 58 51 74 43 52 52 62 48 43 52 59 48 48 49 53 48 56 57 64 41 38 50 56 38 47 44 68 42 60 49 43 252 233 232 235 236 249 240 255 240 253 217 256 233 248 246 237 244 250 244 240 236 246 246 251 245 253 265 241 255 243 257 242 245 228 233 244 247 259 259 263 0 0 0 0 0 0 0 0 0 0 0 0 0 0 0 0 0 0 0 0 0 0 0 0 0 0 0 0 0 0 0 0 0 0 0 0 0 0 0 0 161 153 130 146 153 163 154 152 158 164 168 151 160 155 154 173 167 154 165 152 172 167 165 153 191 172 156 151 179 153 165 157 165 153 159 141 153 149 154 138
0 0 0 0 0 0 0 0 0 0 0 0 0 0 0 0 0 0 0 0 0 0 0 0 0 0 0 0 0 0 0 0 0 0 0 0 0 0 0 0 175 162 150 149 153 166 165 157 144 155 163 142 153 159 170 182 162 172 167 158 151 161 154 158 152 155 173 185 164 165 158 157 147 151 163 170 171 163 174 171 62 62 69 74 55 62 59 49 41 51 52 60 43 55 53 64 41 47 52 55 43 48 50 59 55 41 53 60 62 49 54 60 58 61 68 80 40 44 47 53 245 251 251 246 270 245 244 248 249 232 255 226 255 240 236 234 252 239 265 263 259 244 233 258 250 240 259 256 246 254 236 257 267 231 238 249 222 244 243 244
44 51 55 72 53 44 60 79 51 45 45 65 53 56 59 73 59 63 81 68 45 52 49 67 54 50 47 55 37 46 48 52 33 32 46 59 37 42 44 45 240 252 246 247 250 263 263 250 241 250 254 252 257 248 255 249 261 242 226 242 217 250 221 250 220 238 233 256 241 231 237 222 238 223 256 229 250 272 242 260 0 0 0 0 0 0 0 0 0 0 0 0 0 0 0 0 0 0 0 0 0 0 0 0 0 0 0 0 0 0 0 0 0 0 0 0 0 0 0 0 170 162 163 177 167 165 163 158 165 155 148 162 142 143 159 155 158 145 147 156 153 152 163 150 164 169 152 158 164 146 164 160 160 159 153 143 162 160 149 152
0 0 0 0 0 0 0 0 0 0 0 0 0 0 0 0 0 0 0 0 0 0 0 0 0 0 0 0 0 0 0 0 0 0 0 0 0 0 0 0 156 157 166 168 167 173 153 166 159 168 174 160 150 154 150 156 186 131 162 144 154 167 134 156 154 135 148 136 158 157 136 157 161 162 139 162 153 158 152 138 50 51 56 73 43 49 57 62 39 59 59 77 59 61 77 77 65 64 65 75 48 56 62 63 40 40 36 38 45 44 48 54 45 41 47 58 32 33 38 45 247 242 208 250 251 245 262 246 221 269 232 225 237 234 254 241 245 237 246 271 236 237 286 239 254 233 249 229 260 245 242 232 245 253 241 237 217 249 227 236
47 52 62 73 49 49 56 68 50 56 41 63 41 41 37 51 32 40 50 68 50 45 57 57 57 65 61 70 48 51 50 57 43 56 58 72 46 40 39 39 261 236 244 267 252 236 255 249 257 262 257 254 264 243 263 259 242 248 265 258 246 262 250 259 244 243 243 245 250 252 247 252 241 266 254 254 247 238 261 257 248 228 256 240 257 235 241 241 231 247 226 238 226 260 244 246 238 236 234 247 235 233 227 284 239 250 237 265 227 253 254 240 266 270 246 243 216 254 237 245 238 257 262 260 265 255 229 225 233 266 258 255 249 245 229 227 259 265 227 243 265 241 250 242 254 252 249 221 262 257 254 240 250 224 256 248 252 243 247 251
226 227 241 237 245 228 254 248 270 228 241 239 236 256 247 268 250 234 238 258 241 242 250 262 271 255 266 247 231 251 261 241 258 255 241 235 233 255 241 253 248 227 242 243 269 248 237 252 237 239 230 247 234 244 254 218 247 241 244 239 249 250 232 255 252 250 239 263 250 261 239 253 248 232 239 237 246 218 255 243 37 42 47 65 41 49 42 48 44 39 50 54 48 51 58 81 55 46 58 56 40 51 53 72 61 47 62 56 54 56 66 61 49 48 41 53 32 30 26 31 249 259 250 241 240 235 256 258 254 254 272 255 251 253 243 237 261 220 248 249 251 242 248 242 251 244 243 243 248 246 255 255 255 249 259 263 276 264 248 271
149 149 178 167 144 153 134 162 148 142 137 151 137 132 133 138 134 129 145 160 129 134 136 152 168 153 165 162 148 161 157 174 153 153 175 182 158 150 159 136 236 249 257 275 269 243 254 249 235 237 252 251 243 228 251 228 224 258 271 234 272 248 257 245 253 269 233 251 246 248 255 245 243 240 236 243 245 237 258 238 263 234 255 243 257 248 239 228 225 245 250 238 254 233 249 249 231 239 260 252 225 267 241 261 237 220 238 257 243 254 233 244 242 245 240 222 231 239 227 228 259 248 258 250 231 267 252 248 245 235 253 225 262 258 235 214 252 245 252 255 249 249 244 240 262 266 233 254 254 244 266 246 244 248 267 251 229 279 239 258
251 236 264 247 231 245 261 241 249 233 242 257 232 240 229 228 276 249 233 254 224 245 233 237 228 241 252 235 259 242 241 233 250 234 239 253 246 262 233 248 249 253 254 277 228 247 247 248 245 238 261 251 251 254 227 264 255 236 239 245 231 257 250 246 261 275 257 249 267 226 246 252 249 250 240 275 280 251 264 249 146 140 148 152 131 153 154 141 144 147 141 165 135 140 149 165 133 142 155 149 150 131 162 178 160 152 164 161 159 163 167 163 160 159 161 171 136 143 140 148 252 252 241 273 248 258 248 256 256 254 265 252 264 246 253 250 238 248 257 255 273 246 253 262 259 260 230 252 257 244 250 242 238 244 269 258 258 229 244 263
250 259 223 254 248 241 245 254 257 250 257 271 244 263 260 232 238 231 251 237 243 240 224 251 236 243 245 218 229 236 251 258 257 263 227 237 260 250 251 249 230 247 236 248 249 233 255 243 262 265 253 234 244 264 252 249 258 248 257 257 265 263 275 248 245 285 252 226 245 267 230 257 253 257 230 254 223 254 239 251 227 232 238 239 227 225 252 226 238 240 245 244 238 248 264 237 235 252 242 223 234 243 259 252 224 255 247 240 222 242 240 239 252 226 227 225 244 246 231 230 237 266 260 248 263 235 254 267 253 252 267 276 272 249 231 244 262 229 238 240 260 260 218 256 256 224 265 242 253 236 238 254 244 235 266 252 245 250 254 239
271 253 244 249 250 217 235 239 254 217 255 219 244 236 215 233 220 229 247 221 231 241 251 233 240 236 231 254 258 239 240 249 257 233 249 236 260 230 253 253 251 251 245 236 258 251 244 252 245 277 253 241 252 241 253 242 271 249 259 251 241 235 258 261 253 242 264 237 262 238 283 232 244 252 252 254 256 253 252 249 250 235 237 249 252 238 248 239 264 250 239 235 260 255 242 254 252 230 253 250 241 243 231 238 251 241 244 238 253 241 237 257 273 260 212 263 217 230 228 244 278 243 245 244 243 252 257 268 241 238 263 236 251 260 238 248 255 255 235 245 264 249 241 255 257 264 241 243 260 250 236 250 257 243 234 265 252 250 268 251
44 50 70 76 58 54 50 61 42 45 43 48 35 37 40 54 57 48 54 62 36 42 52 53 39 41 45 52 34 37 44 54 49 54 64 75 52 62 49 47 242 243 249 242 245 246 257 252 243 235 237 253 257 261 271 221 246 249 244 255 264 234 243 254 261 252 256 248 234 255 227 234 248 231 233 235 248 234 233 252 0 0 0 0 0 0 0 0 0 0 0 0 0 0 0 0 0 0 0 0 0 0 0 0 0 0 0 0 0 0 0 0 0 0 0 0 0 0 0 0 159 155 163 162 168 168 167 156 157 175 174 161 155 152 150 176 147 164 167 187 179 173 183 185 174 188 168 182 186 163 172 158 158 146 166 146 178 137 129 143
0 0 0 0 0 0 0 0 0 0 0 0 0 0 0 0 0 0 0 0 0 0 0 0 0 0 0 0 0 0 0 0 0 0 0 0 0 0 0 0 158 182 163 165 157 172 170 155 170 165 164 157 163 159 160 161 178 166 150 168 166 172 152 175 165 162 179 166 155 168 178 150 156 156 163 148 139 165 156 149 56 48 52 55 34 43 46 43 47 38 47 54 44 50 51 59 37 40 41 53 46 45 49 58 54 52 36 59 50 60 68 60 59 52 67 80 51 36 45 60 227 252 261 235 230 234 239 246 281 233 240 247 247 243 249 247 237 244 246 226 242 232 241 235 244 263 241 239 246 238 251 240 242 224 247 255 243 224 247 239
46 43 66 70 48 66 71 91 72 63 56 67 59 59 60 83 54 54 53 83 44 47 53 56 37 34 43 48 30 33 34 44 45 45 61 65 46 40 46 37 229 250 228 235 265 259 253 238 254 263 229 242 263 253 264 238 249 240 258 242 267 237 241 250 252 247 239 251 228 238 245 240 235 238 242 243 224 234 242 234 0 0 0 0 0 0 0 0 0 0 0 0 0 0 0 0 0 0 0 0 0 0 0 0 0 0 0 0 0 0 0 0 0 0 0 0 0 0 0 0 146 165 173 153 136 147 153 158 151 144 155 152 159 156 145 140 172 150 152 143 142 166 169 156 150 157 177 151 168 170 167 155 145 171 170 176 152 150 149 144
0 0 0 0 0 0 0 0 0 0 0 0 0 0 0 0 0 0 0 0 0 0 0 0 0 0 0 0 0 0 0 0 0 0 0 0 0 0 0 0 157 170 159 156 168 152 157 155 158 162 147 151 153 165 145 153 143 153 148 141 131 162 151 130 147 149 161 160 157 155 146 159 157 154 154 162 164 157 154 148 47 49 57 63 40 55 51 63 49 60 53 66 54 55 77 72 55 48 55 72 33 41 47 57 39 35 41 43 45 47 52 58 44 41 49 61 37 26 31 38 239 247 232 252 250 254 236 257 240 238 237 239 236 250 237 233 235 248 241 243 253 257 257 238 255 250 236 238 237 250 256 235 234 233 239 256 244 247 228 239
43 52 46 52 31 41 42 62 49 59 45 48 52 53 58 68 46 35 51 67 45 46 41 48 61 60 60 59 57 55 59 59 43 60 59 66 43 45 37 30 244 232 250 228 242 231 241 233 249 240 259 235 249 251 237 235 235 245 260 255 250 231 244 253 234 269 249 252 220 250 235 232 265 276 225 254 253 240 242 250 0 0 0 0 0 0 0 0 0 0 0 0 0 0 0 0 0 0 0 0 0 0 0 0 0 0 0 0 0 0 0 0 0 0 0 0 0 0 0 0 142 185 161 150 155 167 158 153 174 165 185 176 167 162 169 160 179 147 153 162 155 156 143 176 155 162 174 154 144 150 153 154 143 171 163 157 148 160 148 157
0 0 0 0 0 0 0 0 0 0 0 0 0 0 0 0 0 0 0 0 0 0 0 0 0 0 0 0 0 0 0 0 0 0 0 0 0 0 0 0 164 169 157 142 158 158 181 167 172 174 162 188 184 173 162 182 158 171 158 150 171 180 160 161 173 150 148 169 167 158 163 149 144 154 149 161 158 154 160 144 49 41 51 55 47 50 55 55 43 45 44 59 59 48 63 75 47 52 53 79 56 52 61 67 51 48 50 51 50 51 62 63 56 52 61 80 26 37 31 36 248 234 255 230 247 228 246 229 246 255 248 246 238 252 243 215 261 232 255 246 252 263 231 243 256 236 240 248 220 263 231 255 251 245 249 239 242 243 265 225
119 123 140 158 115 102 136 137 112 120 111 122 121 101 113 107 111 121 131 137 114 120 130 130 121 146 134 126 113 132 129 133 130 148 140 133 125 137 131 122 245 245 241 257 250 260 244 251 265 235 261 247 249 244 241 262 243 256 257 260 258 248 256 253 245 266 245 259 242 230 245 254 247 233 236 244 255 221 251 238 262 237 265 244 257 250 237 252 243 218 238 248 238 240 253 233 236 206 231 246 234 238 234 257 230 252 267 255 228 234 234 242 233 246 238 234 245 240 231 251 254 241 258 247 246 259 257 245 236 247 243 244 242 255 249 265 241 248 266 231 240 247 251 253 265 256 251 241 244 247 257 232 245 256 241 260 241 237 247 231
245 238 242 246 251 225 256 234 243 251 253 239 241 226 239 250 242 233 221 243 235 244 256 234 234 243 237 236 233 235 231 260 238 235 238 252 252 236 247 239 246 254 248 230 238 249 231 245 235 247 249 227 274 247 255 245 226 260 259 240 244 259 239 254 239 265 247 251 229 244 239 241 243 252 252 243 254 233 240 239 115 115 121 130 106 121 118 105 104 105 104 110 122 114 138 135 121 105 118 140 133 131 127 140 140 120 124 134 143 153 150 151 131 133 126 132 122 114 107 126 264 257 259 269 272 236 255 274 250 255 246 236 252 226 243 253 230 239 267 250 269 239 247 253 240 232 243 248 267 255 264 244 247 245 242 256 233 247 250 242
218 208 251 240 234 219 231 233 209 227 235 241 232 231 215 213 226 235 218 227 217 225 202 215 230 212 238 217 199 216 218 228 241 251 246 247 223 245 218 214 273 253 242 239 248 244 253 242 265 269 243 251 247 262 257 255 235 237 252 251 257 276 241 245 248 253 246 254 228 255 258 254 264 254 250 233 255 259 259 274 227 252 236 236 235 237 244 235 247 236 253 240 233 264 252 238 238 253 242 247 223 237 240 245 219 240 250 228 245 214 244 252 239 248 237 259 250 240 247 241 257 238 250 265 245 247 245 262 248 236 250 255 245 241 238 242 266 265 252 275 259 236 264 261 249 243 258 262 261 261 222 246 245 250 242 257 264 266 232 215
239 229 243 248 245 228 238 259 235 254 230 237 238 218 239 246 241 247 247 236 232 241 253 238 225 258 243 225 258 258 253 231 235 250 232 254 254 237 225 238 260 273 250 252 248 269 270 229 263 254 263 268 241 258 238 235 249 239 231 243 241 262 256 238 245 246 226 247 233 251 259 249 256 246 259 249 254 244 255 265 231 232 229 240 229 236 225 239 215 206 215 219 224 231 253 227 236 226 230 236 215 210 213 237 212 229 235 207 225 227 231 212 232 243 223 261 231 205 228 222 258 253 268 239 232 252 243 249 234 252 253 252 240 251 253 230 257 253 255 242 268 249 264 240 242 240 252 241 240 258 245 264 254 223 253 249 237 255 228 246
45 54 64 66 49 56 51 67 39 33 35 46 41 35 41 59 53 60 72 77 50 44 54 57 33 39 44 50 38 42 52 59 43 55 61 71 53 51 55 49 256 230 250 254 228 238 235 250 239 235 246 238 257 277 237 243 227 253 243 262 246 251 251 245 236 236 250 251 235 253 245 243 252 255 238 243 243 240 246 255 0 0 0 0 0 0 0 0 0 0 0 0 0 0 0 0 0 0 0 0 0 0 0 0 0 0 0 0 0 0 0 0 0 0 0 0 0 0 0 0 146 158 147 171 163 152 164 158 176 173 168 165 166 150 165 168 151 164 167 171 182 172 161 166 185 193 177 160 180 172 151 171 135 147 155 180 142 167 139 139
0 0 0 0 0 0 0 0 0 0 0 0 0 0 0 0 0 0 0 0 0 0 0 0 0 0 0 0 0 0 0 0 0 0 0 0 0 0 0 0 156 149 158 167 159 140 161 151 174 160 173 152 147 170 181 163 154 185 162 151 160 160 149 172 175 177 169 165 173 164 157 175 159 163 162 169 157 162 149 162 54 46 58 59 41 45 47 50 39 42 38 52 42 50 43 57 44 41 54 52 51 47 60 66 53 55 54 47 46 59 50 56 56 52 72 78 54 47 51 55 233 238 237 230 226 245 219 243 239 251 229 226 226 245 245 241 243 227 230 232 229 248 238 237 253 241 228 236 235 242 241 238 229 236 233 234 238 233 248 219
41 49 58 71 42 56 68 79 62 57 55 76 60 52 53 74 51 50 57 76 40 44 52 59 33 40 43 41 29 28 38 50 37 48 59 68 51 50 47 37 231 251 239 243 227 263 237 249 244 245 261 230 263 244 242 238 225 240 232 241 234 253 249 236 227 234 245 249 244 229 240 244 236 233 249 231 256 240 240 243 0 0 0 0 0 0 0 0 0 0 0 0 0 0 0 0 0 0 0 0 0 0 0 0 0 0 0 0 0 0 0 0 0 0 0 0 0 0 0 0 149 150 154 149 148 152 148 139 151 146 147 160 171 166 146 156 159 160 157 169 156 156 158 171 163 185 157 175 171 165 171 157 157 161 181 149 163 159 162 154
0 0 0 0 0 0 0 0 0 0 0 0 0 0 0 0 0 0 0 0 0 0 0 0 0 0 0 0 0 0 0 0 0 0 0 0 0 0 0 0 167 153 152 148 168 176 149 148 160 144 163 159 136 152 157 172 145 152 155 139 148 148 134 133 143 133 151 139 145 162 161 156 158 154 147 155 162 147 179 164 49 42 68 77 47 52 61 67 52 62 58 67 60 67 84 72 49 54 62 76 41 47 46 50 41 38 40 40 40 48 54 55 56 49 49 56 48 37 34 45 251 239 241 232 253 236 251 267 244 256 234 250 230 253 252 261 248 252 240 246 239 242 236 233 252 231 224 237 252 249 241 251 249 241 217 242 226 246 255 247
39 45 50 66 43 47 58 58 55 56 54 64 40 39 50 57 39 42 54 60 35 41 42 59 54 50 53 56 58 57 50 63 42 52 52 65 40 38 42 31 249 244 267 269 237 247 219 249 256 247 255 232 243 248 233 247 242 245 262 241 256 231 245 235 247 253 228 244 238 236 236 241 238 248 243 228 236 231 258 253 0 0 0 0 0 0 0 0 0 0 0 0 0 0 0 0 0 0 0 0 0 0 0 0 0 0 0 0 0 0 0 0 0 0 0 0 0 0 0 0 162 170 165 179 183 163 161 163 180 158 158 180 168 159 166 169 178 164 176 165 160 174 170 155 168 167 151 148 157 157 150 174 161 156 160 163 145 155 157 153
0 0 0 0 0 0 0 0 0 0 0 0 0 0 0 0 0 0 0 0 0 0 0 0 0 0 0 0 0 0 0 0 0 0 0 0 0 0 0 0 156 159 142 184 168 169 160 180 169 170 172 164 164 162 160 160 151 161 159 149 168 154 172 167 159 178 166 140 146 167 172 155 168 139 165 147 151 162 151 150 47 42 48 55 42 41 59 57 50 52 51 56 47 53 64 72 48 58 53 67 53 55 54 64 52 45 47 58 61 58 62 75 54 43 48 76 32 32 32 33 249 254 222 250 235 227 253 246 237 254 243 245 221 233 234 246 240 227 259 232 226 253 258 257 240 255 228 236 249 254 245 251 232 245 227 251 233 236 242 237
140 127 140 155 126 122 126 138 114 108 121 116 105 102 113 126 113 105 121 136 114 104 127 126 127 137 136 145 114 111 117 129 128 134 118 158 107 128 118 121 255 266 256 255 251 247 257 255 228 238 265 252 242 253 248 259 253 251 239 248 215 257 241 246 262 248 253 258 271 246 233 235 263 240 239 243 250 240 234 250 248 226 228 238 226 225 240 238 257 253 250 230 254 231 241 247 247 249 221 238 229 255 247 230 257 236 240 234 250 239 261 237 232 241 266 246 253 227 250 254 249 255 242 253 265 257 254 265 241 258 250 222 250 247 246 241 234 250 274 261 253 227 252 227 243 243 242 252 246 247 256 252 240 240 258 235 260 236 229 262
244 231 248 249 243 237 229 250 242 264 244 266 226 247 244 248 238 221 259 241 243 256 231 247 245 222 254 247 240 234 248 239 257 232 231 241 235 252 249 233 252 275 237 247 246 252 244 226 246 253 248 262 253 257 260 243 246 232 245 255 257 245 245 236 254 228 266 255 251 263 271 239 232 251 243 253 255 243 245 255 110 126 124 141 98 121 130 129 113 105 112 112 114 118 147 131 129 114 140 123 114 108 130 139 132 127 115 125 135 140 130 148 121 129 142 137 109 126 102 120 233 244 256 227 225 269 263 271 242 259 272 245 245 250 239 243 235 243 244 245 285 251 244 264 251 251 243 254 250 263 274 248 238 249 248 242 261 257 243 256
233 231 231 252 215 226 241 218 226 216 221 255 226 217 225 231 217 221 214 246 217 210 204 232 228 220 229 219 208 229 206 227 225 216 228 244 235 219 218 216 272 245 233 246 245 234 239 266 250 223 245 248 224 270 265 250 249 251 252 256 258 257 249 246 247 238 236 269 250 261 255 265 249 257 240 241 235 257 239 251 227 224 230 242 239 267 265 249 223 228 241 246 227 230 245 261 230 236 263 243 248 231 238 256 263 249 239 240 255 247 233 251 233 230 246 253 238 239 240 223 255 232 237 219 255 245 245 256 258 267 256 230 267 252 275 274 238 246 239 246 226 250 240 261 237 243 253 266 246 250 262 237 260 253 250 253 268 254 259 260
240 224 248 244 250 242 247 262 259 236 250 237 218 243 248 259 245 247 225 244 243 255 224 233 265 223 243 242 250 257 260 210 242 246 229 236 231 244 240 233 246 248 244 243 256 239 247 267 253 245 240 240 232 269 257 264 263 263 241 264 248 253 247 234 243 246 269 237 260 262 228 242 230 250 260 243 253 265 242 248 224 234 223 235 224 207 237 228 203 210 212 238 218 223 239 246 219 213 210 245 211 209 209 223 230 199 225 204 215 213 226 232 237 236 220 250 208 210 211 223 252 247 245 257 248 246 249 253 236 268 250 223 240 253 247 255 250 244 274 244 219 242 248 260 256 250 252 238 257 226 244 256 256 247 256 243 249 262 259 254
55 59 58 75 49 56 58 60 36 38 43 43 32 34 43 56 56 47 62 77 47 52 40 68 34 32 51 49 43 41 40 52 49 60 59 76 51 58 57 43 248 238 245 256 252 237 247 270 224 241 254 244 230 243 214 233 245 236 263 261 241 241 246 249 243 234 233 228 264 265 253 253 257 218 254 244 231 243 228 275 0 0 0 0 0 0 0 0 0 0 0 0 0 0 0 0 0 0 0 0 0 0 0 0 0 0 0 0 0 0 0 0 0 0 0 0 0 0 0 0 148 159 166 157 165 175 164 137 166 168 153 184 151 158 163 152 163 149 171 170 176 176 165 175 171 178 169 163 164 179 146 169 171 155 155 150 147 142 156 151
0 0 0 0 0 0 0 0 0 0 0 0 0 0 0 0 0 0 0 0 0 0 0 0 0 0 0 0 0 0 0 0 0 0 0 0 0 0 0 0 166 156 156 175 166 168 160 168 157 165 146 158 139 176 168 166 157 184 164 167 158 158 165 158 187 167 159 163 171 190 163 170 159 157 167 157 157 159 159 150 44 50 60 67 35 45 39 55 50 44 34 47 43 52 57 54 42 43 45 57 47 51 56 63 49 48 50 48 53 41 49 52 56 60 64 80 47 37 49 55 251 255 255 223 250 257 258 259 259 250 247 256 256 239 223 257 249 236 231 248 257 240 229 246 242 269 265 234 251 248 231 257 247 255 254 244 226 222 272 245
39 44 52 62 37 51 65 85 64 49 57 67 59 59 57 74 56 49 69 79 48 52 56 62 32 31 36 39 29 28 36 45 46 44 50 68 38 42 41 41 226 241 248 230 254 231 250 250 242 249 241 246 258 253 231 217 246 244 248 255 249 238 237 234 252 240 259 232 239 249 236 247 249 252 229 262 244 252 259 253 0 0 0 0 0 0 0 0 0 0 0 0 0 0 0 0 0 0 0 0 0 0 0 0 0 0 0 0 0 0 0 0 0 0 0 0 0 0 0 0 147 161 155 160 149 154 146 130 161 139 153 147 145 139 149 165 155 172 154 144 135 163 144 158 157 170 171 161 161 159 178 170 163 163 172 161 167 150 148 141
0 0 0 0 0 0 0 0 0 0 0 0 0 0 0 0 0 0 0 0 0 0 0 0 0 0 0 0 0 0 0 0 0 0 0 0 0 0 0 0 159 158 158 165 154 171 164 148 173 152 163 162 141 152 148 156 149 136 142 148 146 136 140 164 155 155 150 164 139 145 145 159 151 149 144 160 146 146 154 135 49 59 60 80 49 65 49 63 47 59 50 70 51 62 74 75 53 54 48 74 33 42 46 61 44 35 38 38 37 44 44 52 37 50 44 58 43 36 29 43 241 245 244 240 249 252 245 233 253 233 241 235 243 251 223 246 232 221 252 254 237 251 233 265 245 248 248 232 233 253 242 237 223 243 231 248 243 257 235 252
40 41 45 63 33 48 55 66 55 63 57 59 50 43 53 54 39 39 52 51 41 41 49 63 47 50 58 50 49 54 50 61 54 58 55 71 42 44 36 37 244 241 247 243 250 241 240 252 253 241 253 244 252 260 265 237 251 262 257 243 244 253 253 266 244 242 245 252 256 250 245 240 253 239 243 233 238 237 239 255 0 0 0 0 0 0 0 0 0 0 0 0 0 0 0 0 0 0 0 0 0 0 0 0 0 0 0 0 0 0 0 0 0 0 0 0 0 0 0 0 142 165 164 150 169 151 157 167 174 162 178 172 169 158 176 161 162 165 176 178 156 158 142 167 160 158 158 165 158 148 158 161 144 149 160 162 166 171 156 150
0 0 0 0 0 0 0 0 0 0 0 0 0 0 0 0 0 0 0 0 0 0 0 0 0 0 0 0 0 0 0 0 0 0 0 0 0 0 0 0 161 145 165 172 164 146 159 160 156 151 159 163 162 168 177 160 158 151 168 147 171 183 151 154 160 180 169 158 139 140 135 152 129 144 143 150 159 162 160 134 43 42 50 54 41 46 48 51 43 44 43 54 45 55 56 61 47 54 60 64 61 54 56 68 43 50 49 49 55 58 68 68 44 56 53 64 29 37 31 40 244 270 243 243 258 254 266 240 227 245 253 249 256 226 236 246 256 264 249 249 256 240 250 245 258 264 245 259 249 235 235 252 207 222 248 251 235 236 233 231
122 143 141 135 110 116 127 146 111 118 109 127 114 116 111 130 133 118 125 131 117 101 119 128 131 142 139 129 131 130 124 136 109 134 148 152 111 127 123 131 250 231 259 254 249 263 250 250 251 260 257 254 252 250 246 259 258 254 251 254 242 250 247 257 268 252 250 247 247 234 259 242 244 251 245 254 254 243 244 249 265 233 253 232 245 234 248 230 264 226 245 238 230 234 233 241 229 256 249 230 227 236 233 253 250 228 234 249 257 263 240 236 242 240 246 263 260 237 243 248 267 255 230 257 241 245 259 237 239 243 243 247 244 251 249 263 234 254 261 246 234 232 255 236 250 251 235 250 247 261 241 255 248 257 254 232 251 235 241 239
244 229 257 243 233 230 256 247 250 263 263 251 238 227 250 264 245 229 242 262 231 243 251 237 234 268 259 252 240 256 246 248 234 233 246 241 252 250 246 254 251 251 248 264 253 264 251 247 251 247 229 264 263 242 245 238 232 253 273 237 278 251 260 240 249 251 244 254 236 227 247 260 249 232 243 238 263 255 244 257 122 127 123 136 102 108 108 108 96 101 112 117 112 110 122 157 117 111 122 125 116 131 135 143 122 121 119 130 150 138 147 142 123 127 122 147 119 104 107 123 250 239 262 249 262 256 265 237 228 231 238 257 249 253 256 252 248 253 239 244 246 269 244 258 226 246 243 253 256 245 280 254 255 234 259 233 264 250 253 236
237 233 247 225 211 213 235 273 225 238 226 226 232 216 238 228 204 219 228 237 219 193 226 245 221 239 208 231 216 226 208 231 235 231 240 242 239 225 238 222 230 257 240 240 266 244 231 258 255 244 260 234 264 270 238 255 245 259 237 254 253 248 239 259 247 238 229 255 221 243 253 238 247 243 248 252 258 240 237 253 233 238 258 252 235 217 249 242 222 239 230 244 241 262 255 264 239 243 215 237 243 250 243 240 237 240 238 228 238 243 234 230 251 239 219 246 252 251 233 239 229 235 253 229 245 238 266 244 250 227 251 266 245 248 250 247 257 247 253 254 259 244 220 245 250 264 252 243 240 245 251 247 273 256 257 251 270 248 244 241
232 243 229 242 234 237 231 251 244 248 254 247 233 242 239 255 257 245 246 255 227 249 232 229 238 240 246 248 281 256 249 237 244 244 242 256 254 233 237 230 257 245 254 247 250 242 249 256 254 253 257 242 254 228 261 224 258 259 255 243 228 269 247 241 240 240 258 247 262 256 246 238 258 257 247 260 247 230 250 236 252 212 230 248 234 235 233 225 199 226 210 225 243 224 228 232 222 233 223 223 205 201 233 234 239 222 205 204 238 243 228 232 223 228 222 247 200 222 210 223 245 244 239 252 255 258 235 253 274 259 261 246 262 255 243 248 251 267 260 244 226 266 251 256 264 251 273 262 244 243 254 251 234 248 257 226 256 240 257 269
46 61 61 82 62 61 70 70 45 54 46 52 39 37 48 63 52 49 64 85 57 51 59 62 39 40 50 52 38 52 49 52 54 65 74 79 52 58 49 45 238 232 245 248 256 244 249 233 252 253 236 244 228 214 260 239 240 230 255 223 242 226 232 229 228 243 243 242 235 243 234 244 262 232 253 257 249 246 253 235 0 0 0 0 0 0 0 0 0 0 0 0 0 0 0 0 0 0 0 0 0 0 0 0 0 0 0 0 0 0 0 0 0 0 0 0 0 0 0 0 164 165 156 166 176 171 158 163 175 165 146 172 167 157 173 177 163 184 172 160 165 161 175 182 181 181 180 163 170 163 152 152 150 151 163 155 151 152 133 147
0 0 0 0 0 0 0 0 0 0 0 0 0 0 0 0 0 0 0 0 0 0 0 0 0 0 0 0 0 0 0 0 0 0 0 0 0 0 0 0 157 158 161 161 165 154 168 154 177 169 152 160 166 177 178 151 161 171 163 163 179 163 176 175 163 168 172 178 166 166 162 166 148 168 154 159 153 178 159 151 37 60 58 60 42 46 47 63 48 43 46 65 45 45 51 68 42 46 47 53 52 57 61 61 55 61 46 55 59 59 56 58 55 48 76 70 44 37 49 58 233 260 252 242 244 235 245 254 236 260 214 268 244 229 230 261 262 238 248 228 232 240 259 227 237 234 255 219 241 240 246 236 231 258 254 239 239 229 267 225
41 49 57 75 50 66 73 85 64 70 59 70 60 53 62 83 49 64 57 74 48 49 58 59 41 36 45 52 37 37 39 43 38 38 54 73 43 36 46 31 242 245 252 255 260 246 252 269 239 246 246 240 246 241 255 232 249 244 243 243 239 252 246 236 242 251 235 237 221 248 246 252 248 234 241 228 256 251 228 256 0 0 0 0 0 0 0 0 0 0 0 0 0 0 0 0 0 0 0 0 0 0 0 0 0 0 0 0 0 0 0 0 0 0 0 0 0 0 0 0 158 167 154 155 160 150 160 162 149 164 167 165 159 155 151 154 143 160 159 169 162 162 153 157 177 169 168 162 157 159 173 162 158 151 159 164 163 162 148 167
0 0 0 0 0 0 0 0 0 0 0 0 0 0 0 0 0 0 0 0 0 0 0 0 0 0 0 0 0 0 0 0 0 0 0 0 0 0 0 0 174 160 154 160 160 167 158 162 169 151 161 162 160 163 156 141 150 156 154 146 142 127 145 157 139 150 153 143 159 156 146 136 160 172 140 147 152 173 153 147 46 48 59 64 54 58 62 72 55 64 66 58 52 64 68 74 58 51 55 78 47 47 48 51 39 35 36 50 47 54 58 60 38 46 48 70 36 28 39 46 232 233 232 231 238 236 259 272 237 218 239 226 228 245 258 234 208 243 247 263 237 229 257 246 265 231 229 242 265 243 238 223 247 261 247 248 242 260 258 262
32 53 51 70 50 44 63 71 59 56 53 54 48 41 56 65 43 43 49 59 44 57 55 56 46 58 66 60 62 63 58 56 42 58 56 67 40 38 46 42 242 242 263 209 247 241 231 227 237 238 250 263 244 246 234 239 248 237 240 246 236 233 222 236 239 249 229 260 245 243 229 243 244 266 239 254 243 252 246 237 0 0 0 0 0 0 0 0 0 0 0 0 0 0 0 0 0 0 0 0 0 0 0 0 0 0 0 0 0 0 0 0 0 0 0 0 0 0 0 0 161 176 145 156 148 170 162 159 176 168 183 196 181 164 168 178 180 159 160 163 154 150 153 152 156 174 154 159 161 162 167 159 160 149 171 170 163 168 149 133
0 0 0 0 0 0 0 0 0 0 0 0 0 0 0 0 0 0 0 0 0 0 0 0 0 0 0 0 0 0 0 0 0 0 0 0 0 0 0 0 164 135 160 162 152 189 172 169 162 158 183 173 164 171 173 164 159 163 165 154 147 175 175 172 185 173 157 155 150 166 161 166 142 148 152 144 146 147 154 160 44 46 50 55 51 48 50 51 45 45 52 59 48 55 67 75 51 50 63 73 51 49 53 64 51 51 58 52 60 55 68 71 52 58 58 74 29 43 31 37 229 278 246 239 259 233 241 256 245 237 248 248 233 256 254 247 233 254 264 243 240 253 254 258 245 250 252 240 232 258 258 267 241 250 249 258 236 262 243 242
112 126 149 155 136 133 127 134 107 123 122 114 107 115 120 123 94 101 112 144 113 109 119 135 128 148 150 129 115 125 125 145 128 132 149 142 117 106 127 122 246 262 260 244 251 247 248 245 263 248 255 259 259 253 249 240 257 250 256 267 233 229 261 243 251 261 252 266 251 245 252 265 258 249 258 252 245 230 248 248 240 263 271 242 265 245 214 248 239 254 237 231 234 247 252 251 239 252 265 234 237 239 246 244 245 256 241 236 252 251 217 243 251 265 250 234 247 250 236 250 244 262 258 249 246 256 248 238 237 236 244 231 243 249 243 249 242 238 264 240 272 281 241 260 264 253 232 265 240 237 275 247 244 242 241 258 230 249 260 225
225 221 245 241 235 227 253 246 242 237 230 226 222 231 237 253 246 241 230 241 239 237 236 242 249 249 251 219 245 232 246 242 266 250 242 257 242 237 241 254 265 249 266 243 245 254 263 244 252 223 258 250 239 251 246 247 238 234 234 258 266 240 256 254 251 257 258 240 261 264 257 250 239 259 251 260 226 259 238 238 119 111 127 143 95 109 118 106 100 93 119 124 113 127 130 154 121 131 111 147 114 122 123 136 126 133 134 147 136 137 133 148 125 123 147 144 110 106 112 116 249 244 245 224 251 236 238 249 249 238 245 231 263 257 252 262 243 281 251 268 255 243 250 260 237 248 257 244 228 243 233 241 269 257 270 266 249 244 247 241
258 235 235 260 222 230 240 240 230 232 226 235 233 225 229 246 207 230 217 228 231 209 218 228 207 202 230 245 214 216 211 239 227 224 238 240 232 239 230 217 257 228 258 248 233 252 258 264 249 257 264 267 249 257 234 256 246 267 267 260 261 253 264 270 262 248 260 269 253 246 240 240 260 252 249 251 246 222 253 254 258 253 237 239 237 252 237 250 264 255 254 269 244 258 237 250 257 242 251 237 235 237 262 243 243 247 248 239 265 255 261 239 233 235 247 220 229 235 224 247 254 257 250 261 239 257 258 263 241 252 214 251 235 253 246 240 246 247 234 242 226 243 254 258 259 258 247 248 234 253 229 259 263 236 256 264 260 243 237 255
257 259 225 272 237 249 252 244 253 231 231 234 253 243 236 244 276 240 224 252 247 270 239 249 239 248 246 256 240 259 246 237 250 254 245 252 262 239 266 248 248 239 246 242 257 244 245 243 244 240 253 256 271 247 259 249 259 268 263 258 250 226 259 250 246 251 256 236 251 255 248 245 248 256 259 235 251 259 261 269 202 220 229 240 217 231 223 227 214 229 237 241 221 232 232 228 223 210 246 231 201 210 222 241 219 221 213 208 222 226 226 222 239 219 248 221 227 215 203 230 234 242 231 249 256 251 253 275 265 231 261 247 271 243 264 256 260 255 241 239 250 238 262 245 234 254 234 241 236 241 255 255 260 254 261 266 233 261 266 253
43 56 57 68 43 49 44 69 46 49 39 35 53 52 60 72 48 52 54 51 41 38 38 52 31 31 40 58 34 43 62 63 57 59 57 73 38 44 47 36 247 241 253 245 259 231 240 245 246 234 238 245 244 233 240 252 233 248 256 232 250 241 241 218 245 251 238 248 249 230 247 250 224 235 230 231 264 235 249 235 0 0 0 0 0 0 0 0 0 0 0 0 0 0 0 0 0 0 0 0 0 0 0 0 0 0 0 0 0 0 0 0 0 0 0 0 0 0 0 0 174 166 168 144 161 169 156 155 149 161 169 168 180 174 173 182 169 175 175 169 162 172 166 168 187 170 171 169 161 161 174 149 155 162 158 145 152 154 147 134
0 0 0 0 0 0 0 0 0 0 0 0 0 0 0 0 0 0 0 0 0 0 0 0 0 0 0 0 0 0 0 0 0 0 0 0 0 0 0 0 155 155 161 170 161 174 168 162 163 174 160 174 164 163 175 161 163 162 166 175 175 180 164 184 185 167 154 167 163 165 168 149 160 157 149 159 154 146 157 135 36 38 45 60 43 41 43 39 27 52 43 67 42 42 42 58 40 55 54 61 50 50 61 58 45 51 45 50 45 52 57 62 56 52 68 66 28 36 44 41 239 247 246 242 249 246 246 256 252 244 229 242 252 247 231 240 229 240 259 254 235 267 241 227 240 253 234 254 224 216 254 255 255 255 258 246 248 233 230 217
41 42 51 66 53 62 71 84 57 64 60 72 43 48 60 65 44 57 52 66 38 38 37 42 35 35 42 45 36 48 42 47 49 53 59 58 47 40 33 36 245 235 245 225 215 230 253 246 241 260 251 241 234 241 234 253 244 256 252 214 244 243 238 268 242 236 257 235 232 235 241 240 242 238 235 229 249 256 245 220 0 0 0 0 0 0 0 0 0 0 0 0 0 0 0 0 0 0 0 0 0 0 0 0 0 0 0 0 0 0 0 0 0 0 0 0 0 0 0 0 153 157 150 147 153 140 141 149 133 143 145 140 159 145 155 149 148 162 159 172 146 144 150 148 171 148 171 152 168 168 168 172 156 151 160 152 172 127 155 147
0 0 0 0 0 0 0 0 0 0 0 0 0 0 0 0 0 0 0 0 0 0 0 0 0 0 0 0 0 0 0 0 0 0 0 0 0 0 0 0 164 170 169 157 178 154 157 160 148 156 166 171 141 149 147 153 142 147 161 145 163 146 146 160 151 160 157 165 140 161 190 153 150 162 149 141 173 158 174 145 46 47 56 86 44 56 57 47 52 58 59 68 44 55 47 70 43 52 46 63 48 53 49 41 37 38 38 46 50 38 42 57 50 40 66 75 43 40 36 49 222 236 273 253 244 244 236 223 240 225 250 228 240 250 253 245 242 222 240 253 232 234 250 255 247 259 231 231 243 218 249 222 249 240 238 221 244 218 237 252
45 45 44 62 43 57 65 70 61 50 46 60 48 45 52 69 50 55 60 79 47 48 58 74 64 59 62 62 45 44 53 61 45 38 51 64 29 27 36 32 240 267 242 240 232 245 243 245 217 222 251 249 230 229 229 247 230 247 245 237 253 254 254 235 237 242 224 248 251 256 239 248 242 248 239 235 231 249 260 250 0 0 0 0 0 0 0 0 0 0 0 0 0 0 0 0 0 0 0 0 0 0 0 0 0 0 0 0 0 0 0 0 0 0 0 0 0 0 0 0 170 164 169 154 175 169 172 166 160 163 162 165 164 174 173 155 154 149 158 154 145 155 150 152 152 157 154 148 150 153 168 169 159 153 151 152 163 161 146 150
0 0 0 0 0 0 0 0 0 0 0 0 0 0 0 0 0 0 0 0 0 0 0 0 0 0 0 0 0 0 0 0 0 0 0 0 0 0 0 0 162 176 158 152 161 166 170 159 167 166 166 171 179 174 158 171 169 157 170 185 163 154 138 167 153 165 156 160 148 145 151 152 135 154 162 157 158 149 164 163 42 39 58 63 39 45 54 53 49 39 54 59 52 54 57 65 47 53 46 64 52 46 55 65 55 63 52 59 49 54 61 68 41 39 55 51 28 25 31 36 234 236 237 240 262 248 226 234 257 237 237 247 233 240 248 224 248 261 241 235 233 236 234 221 235 245 223 259 258 245 233 230 251 218 248 264 242 237 253 234
87 104 108 112 87 97 96 113 86 93 83 93 89 95 109 99 80 96 107 122 93 94 86 106 94 100 102 119 92 115 111 125 90 114 126 124 99 86 101 90 244 248 229 249 262 252 255 249 252 252 257 237 226 233 251 244 236 239 242 252 262 246 255 256 240 243 238 246 259 239 218 248 247 233 255 224 268 260 263 254 248 228 245 252 240 239 265 246 227 260 244 235 252 239 250 237 237 253 247 223 225 233 245 229 254 234 241 251 220 226 248 233 240 255 246 231 257 241 235 228 240 233 251 251 237 265 231 254 253 250 237 249 230 264 238 240 239 228 238 242 236 246 250 261 250 234 268 244 252 262 248 260 243 228 242 266 257 238 243 244
240 229 238 236 216 244 255 224 239 228 236 232 239 235 222 235 261 238 258 229 235 258 232 249 241 226 249 248 260 239 245 254 232 235 240 228 231 246 245 247 242 234 234 254 252 256 244 249 230 253 228 254 256 248 259 254 239 248 271 258 252 226 257 242 215 240 248 259 255 259 251 247 259 262 268 252 242 256 256 245 84 86 88 109 95 90 83 83 81 87 87 102 96 82 104 113 94 105 98 114 75 103 106 106 114 95 106 111 111 108 107 115 104 107 119 119 89 82 80 80 244 242 229 251 251 251 238 240 247 245 265 261 248 223 262 266 239 251 247 265 240 243 263 264 254 239 253 244 253 239 252 243 245 234 269 248 254 260 261 255
211 204 230 225 190 223 219 224 209 212 180 199 205 200 185 189 174 180 187 213 179 186 188 207 185 196 214 186 181 197 188 205 201 218 220 231 194 201 191 194 273 240 252 266 253 257 261 252 232 242 257 269 257 232 256 277 245 253 252 257 257 242 266 266 251 257 266 255 239 250 254 249 258 261 256 241 238 250 251 262 252 236 259 229 242 263 222 258 227 244 231 226 250 243 252 244 233 245 236 210 250 242 236 243 256 242 255 254 252 253 238 247 261 245 235 244 240 234 232 247 250 269 235 257 244 252 245 241 231 255 241 242 266 269 246 271 240 265 245 259 244 260 252 234 256 243 259 248 262 244 260 239 258 247 249 246 252 241 261 247
231 255 243 243 242 257 237 250 252 245 240 239 235 221 233 245 225 241 242 258 245 254 246 232 255 237 228 242 236 239 239 244 241 241 224 241 247 251 246 239 249 261 244 244 232 237 248 247 254 253 253 249 233 249 240 242 269 262 243 244 263 250 244 231 257 244 218 234 243 254 259 242 255 256 247 253 250 258 250 229 205 206 221 221 202 203 223 230 177 186 210 206 202 199 196 195 180 191 192 196 168 177 178 190 206 190 205 195 208 202 218 204 202 184 207 233 174 195 205 217 244 260 231 255 241 260 263 237 262 250 238 253 236 237 257 267 228 243 239 248 254 256 246 249 228 229 240 270 257 235 246 257 242 265 236 252 235 239 255 235
44 52 61 66 43 43 56 64 45 41 47 52 46 46 59 72 58 53 52 65 43 47 51 55 47 49 48 61 36 62 53 61 54 56 60 71 45 47 51 47 253 238 229 244 247 244 252 252 263 249 250 250 232 231 226 260 240 243 244 252 239 256 245 242 242 266 238 225 240 259 257 241 253 239 256 249 247 254 237 244 0 0 0 0 0 0 0 0 0 0 0 0 0 0 0 0 0 0 0 0 0 0 0 0 0 0 0 0 0 0 0 0 0 0 0 0 0 0 0 0 155 167 156 141 173 160 166 166 170 151 177 167 169 187 170 190 186 172 175 167 167 160 159 172 191 178 170 165 139 151 174 156 174 170 139 172 146 147 154 158
0 0 0 0 0 0 0 0 0 0 0 0 0 0 0 0 0 0 0 0 0 0 0 0 0 0 0 0 0 0 0 0 0 0 0 0 0 0 0 0 137 146 186 146 168 179 160 171 169 158 164 148 162 175 172 188 170 151 158 174 164 173 180 179 166 173 174 176 154 173 156 158 145 146 166 152 164 151 152 154 39 43 49 59 38 43 45 45 36 45 47 62 45 41 46 60 39 50 50 62 49 51 53 65 41 58 43 44 56 51 61 50 66 51 63 72 50 37 44 54 260 229 256 273 259 253 252 260 238 236 256 234 244 232 222 240 248 242 251 248 248 239 250 246 240 249 231 236 259 250 251 243 257 254 223 251 260 256 248 253
42 58 78 93 62 69 80 92 70 56 53 62 57 48 70 68 35 50 57 71 36 40 41 46 36 39 39 54 40 57 37 46 42 55 48 57 38 48 33 34 250 239 249 242 251 238 246 236 248 239 256 229 258 259 263 231 245 258 260 249 240 255 257 244 241 241 246 244 241 235 248 245 246 232 237 246 228 223 238 239 0 0 0 0 0 0 0 0 0 0 0 0 0 0 0 0 0 0 0 0 0 0 0 0 0 0 0 0 0 0 0 0 0 0 0 0 0 0 0 0 151 157 138 149 167 149 147 163 152 159 147 131 178 161 148 157 180 152 152 149 151 144 147 174 169 159 153 158 153 158 162 173 148 152 169 155 154 148 149 159
0 0 0 0 0 0 0 0 0 0 0 0 0 0 0 0 0 0 0 0 0 0 0 0 0 0 0 0 0 0 0 0 0 0 0 0 0 0 0 0 167 170 159 165 155 166 157 165 165 156 157 153 159 161 149 164 149 148 128 171 162 152 153 154 157 169 155 162 147 164 156 165 155 166 150 166 174 163 168 153 56 57 68 76 42 51 53 55 64 73 75 83 56 58 55 65 44 47 53 55 44 55 50 55 44 48 38 35 50 44 45 55 50 46 57 78 43 33 46 50 255 248 260 241 244 220 246 242 229 236 259 256 244 254 227 239 227 250 247 234 224 246 242 250 257 235 223 255 241 239 241 231 237 231 256 241 227 251 230 242
43 45 59 63 57 52 66 78 56 55 41 52 35 29 40 53 55 55 57 79 46 61 60 82 65 59 60 65 46 50 47 47 47 50 40 60 36 33 39 24 260 248 261 237 252 225 248 247 239 237 247 226 251 238 248 241 231 228 242 242 233 254 252 244 235 252 245 235 232 234 241 245 245 261 249 247 249 208 233 264 0 0 0 0 0 0 0 0 0 0 0 0 0 0 0 0 0 0 0 0 0 0 0 0 0 0 0 0 0 0 0 0 0 0 0 0 0 0 0 0 138 161 164 159 175 176 164 172 165 157 161 157 161 160 158 160 174 161 162 156 155 147 154 160 152 163 143 156 152 153 171 162 159 157 156 165 152 153 152 150
0 0 0 0 0 0 0 0 0 0 0 0 0 0 0 0 0 0 0 0 0 0 0 0 0 0 0 0 0 0 0 0 0 0 0 0 0 0 0 0 171 166 166 168 190 182 179 175 166 144 165 172 148 175 158 172 159 159 154 147 158 148 151 166 169 159 166 154 155 154 149 164 132 156 153 182 154 150 154 148 53 41 49 64 38 57 53 59 48 43 57 63 53 51 54 69 50 67 54 66 47 55 59 63 58 59 52 59 51 59 56 66 39 46 54 57 41 23 36 40 247 223 261 251 234 249 241 252 249 242 227 242 217 235 250 239 251 238 241 238 244 244 239 230 241 237 233 237 258 246 248 245 242 260 268 247 263 246 226 223
85 99 101 125 91 86 108 114 91 101 94 95 87 100 90 96 83 109 102 116 99 93 90 97 97 92 105 107 91 96 99 105 97 100 114 131 88 102 96 89 252 266 249 247 243 257 240 254 259 248 257 250 241 240 252 237 250 267 258 264 239 220 246 265 267 233 235 250 231 253 254 250 252 226 253 255 241 257 241 265 246 245 259 257 266 224 243 238 219 242 247 247 247 257 246 239 251 246 251 246 248 252 258 251 241 220 246 234 260 251 243 249 249 256 252 243 244 254 229 251 252 242 240 233 243 263 239 235 221 243 249 232 261 235 253 246 242 255 241 242 264 269 239 239 250 245 269 233 244 246 244 254 263 229 239 242 269 247 262 265
251 239 245 251 227 249 246 245 247 237 245 236 244 259 249 252 259 236 244 240 231 253 257 231 244 246 262 257 231 236 267 255 249 228 237 235 241 230 239 234 246 249 261 253 249 246 257 243 233 251 256 262 241 238 236 240 231 240 238 267 231 244 247 262 230 244 245 245 241 260 246 240 255 266 252 255 246 243 240 248 93 97 98 102 81 88 93 97 89 86 91 106 94 93 100 119 97 103 94 125 91 105 98 120 110 103 122 102 104 100 104 128 107 98 103 104 72 85 93 85 258 231 256 254 263 248 273 238 264 238 253 256 251 251 247 249 264 260 248 273 256 235 248 251 258 254 269 256 232 249 250 250 247 253 248 249 270 252 263 240
195 187 202 214 198 196 223 219 188 202 192 195 211 166 194 221 189 186 192 199 184 183 184 202 204 175 202 191 191 186 174 201 203 210 212 223 185 193 197 208 249 239 253 253 259 256 271 259 244 256 278 245 235 239 257 259 261 234 233 238 234 268 251 255 273 232 247 246 248 252 255 228 250 257 247 247 235 275 237 255 230 242 249 241 252 240 251 232 215 246 244 240 256 220 256 265 254 263 236 250 248 251 247 248 242 235 241 240 241 259 234 242 236 235 271 257 236 238 236 259 237 258 260 248 256 223 239 249 238 241 260 240 243 257 247 254 259 246 255 241 253 260 258 247 252 252 255 245 226 251 256 230 251 254 265 246 260 262 253 247
259 238 248 257 237 254 239 250 250 216 254 250 239 245 245 242 239 235 258 266 242 238 260 239 255 259 245 268 245 256 250 253 254 248 232 243 243 237 265 253 242 252 243 272 274 273 251 246 279 257 249 247 251 239 253 226 270 250 243 253 250 256 240 243 264 283 245 244 258 264 262 244 251 245 244 247 252 258 241 250 215 214 212 233 189 207 186 193 189 179 204 208 189 186 201 194 193 188 206 218 172 191 208 209 182 201 212 206 199 197 213 219 211 196 199 219 190 182 177 200 241 234 257 243 260 264 262 256 257 254 223 280 234 248 261 246 246 221 239 247 274 252 241 253 237 239 244 240 252 229 256 241 257 249 247 255 274 240 254 238
45 52 63 85 43 48 50 60 46 32 36 42 45 45 52 58 48 53 60 57 37 42 46 49 49 44 51 54 36 46 53 75 52 59 68 79 44 56 44 48 258 253 269 239 251 231 242 237 253 245 250 246 244 240 257 245 233 240 235 259 242 266 236 231 244 282 270 256 257 255 237 246 223 235 242 261 250 244 232 251 0 0 0 0 0 0 0 0 0 0 0 0 0 0 0 0 0 0 0 0 0 0 0 0 0 0 0 0 0 0 0 0 0 0 0 0 0 0 0 0 167 161 152 153 167 170 149 156 159 159 181 182 175 177 176 187 181 176 161 173 166 153 167 180 177 164 175 161 157 163 168 162 178 147 163 153 159 159 173 164
0 0 0 0 0 0 0 0 0 0 0 0 0 0 0 0 0 0 0 0 0 0 0 0 0 0 0 0 0 0 0 0 0 0 0 0 0 0 0 0 167 161 151 159 178 163 172 155 170 153 166 162 163 178 169 172 188 164 155 177 171 163 168 149 179 167 162 177 174 177 162 157 170 172 139 139 155 159 159 160 44 44 52 60 45 53 43 42 43 52 45 44 42 35 44 62 43 50 57 69 45 56 61 61 45 52 56 47 50 42 50 56 59 49 66 83 47 40 48 52 224 249 251 245 221 243 253 247 237 252 247 237 220 242 241 212 265 259 242 225 243 250 262 228 250 255 224 254 254 232 238 241 232 266 249 212 232 229 213 252
38 51 67 83 58 63 68 81 63 60 58 64 52 52 61 70 49 43 54 68 33 47 32 44 34 36 37 54 37 39 37 50 38 56 52 64 39 38 35 30 243 229 243 252 257 240 247 244 232 237 247 233 231 240 238 264 253 254 239 231 254 227 241 249 233 256 248 226 245 256 248 246 255 246 240 237 232 240 270 242 0 0 0 0 0 0 0 0 0 0 0 0 0 0 0 0 0 0 0 0 0 0 0 0 0 0 0 0 0 0 0 0 0 0 0 0 0 0 0 0 149 140 145 147 151 146 140 142 146 144 142 149 164 138 168 163 169 151 152 149 134 161 144 161 162 156 158 162 169 157 154 166 155 163 164 141 149 156 144 136
0 0 0 0 0 0 0 0 0 0 0 0 0 0 0 0 0 0 0 0 0 0 0 0 0 0 0 0 0 0 0 0 0 0 0 0 0 0 0 0 162 159 166 153 173 149 169 152 155 128 147 157 154 145 149 150 137 159 155 146 147 148 163 178 168 144 155 152 155 164 153 148 163 153 154 150 143 153 166 158 61 64 58 76 49 47 59 55 60 65 71 72 43 61 50 66 37 57 58 63 33 40 49 50 40 44 45 47 50 46 51 52 53 51 54 71 41 36 38 56 248 239 247 232 236 255 247 234 254 241 247 262 216 246 248 243 236 240 227 247 252 242 251 235 256 258 248 237 248 241 250 241 244 246 233 250 232 249 238 232
40 41 48 64 49 52 64 72 58 49 44 51 45 39 47 54 53 47 56 76 59 44 51 71 63 57 55 54 37 35 43 48 50 50 50 59 35 30 31 32 252 254 249 256 242 250 239 246 222 222 255 248 263 263 249 260 254 241 244 232 252 253 240 261 245 253 233 233 250 239 239 236 247 240 230 224 256 224 254 253 0 0 0 0 0 0 0 0 0 0 0 0 0 0 0 0 0 0 0 0 0 0 0 0 0 0 0 0 0 0 0 0 0 0 0 0 0 0 0 0 168 143 158 176 165 162 174 150 151 157 157 167 155 159 175 160 170 154 159 157 173 156 151 160 152 151 142 170 157 151 159 161 170 163 129 143 171 130 159 150
0 0 0 0 0 0 0 0 0 0 0 0 0 0 0 0 0 0 0 0 0 0 0 0 0 0 0 0 0 0 0 0 0 0 0 0 0 0 0 0 160 160 166 177 155 173 160 148 158 155 173 173 175 168 165 179 159 154 183 169 177 150 142 151 154 151 131 144 146 144 146 153 148 146 144 144 139 159 153 148 50 35 55 65 33 37 46 43 48 42 53 60 49 59 60 65 49 67 63 56 58 46 53 63 48 55 49 61 46 56 52 58 35 45 53 59 35 25 34 36 231 250 225 251 245 240 241 234 242 240 247 249 239 243 258 255 256 254 244 252 250 252 245 246 268 259 249 244 238 238 246 246 249 226 257 239 248 232 249 246
89 85 90 111 91 96 109 123 88 96 89 102 81 93 98 101 89 93 101 116 104 94 85 102 89 95 104 101 96 96 93 114 98 105 118 137 100 98 86 90 243 258 249 242 232 253 223 237 227 231 240 242 259 246 255 239 252 266 252 262 250 246 255 244 253 238 261 243 246 239 242 253 244 263 234 257 265 233 265 248 248 242 246 244 265 258 236 260 241 247 245 245 248 230 235 254 240 241 254 242 242 236 263 235 226 251 265 244 248 249 236 249 249 243 239 217 262 257 234 248 263 254 238 252 247 250 262 240 251 258 242 257 267 265 265 247 256 234 266 266 253 239 241 245 231 262 254 237 241 238 264 226 235 235 242 249 238 233 245 265
261 235 244 237 235 242 248 240 259 231 218 257 225 236 260 237 247 229 232 264 229 258 238 228 256 247 240 233 275 245 253 247 252 222 232 263 241 253 252 243 242 245 252 254 260 245 247 248 243 239 237 251 231 258 233 223 272 237 231 250 263 251 250 245 248 236 270 257 251 246 230 246 244 231 235 253 249 249 248 259 98 88 92 97 80 85 94 78 88 82 94 97 89 91 90 117 93 86 92 119 94 103 99 118 109 89 107 110 83 100 111 110 110 92 98 115 87 88 80 103 240 250 251 260 271 243 239 228 249 244 250 234 271 261 238 264 269 273 258 249 251 242 234 257 236 221 254 257 267 270 240 240 264 249 250 250 254 251 234 261
182 217 199 222 206 220 215 228 198 199 219 196 182 188 207 223 182 182 183 207 176 170 180 210 189 189 196 185 181 199 197 210 184 221 202 217 177 202 203 209 255 254 242 235 259 260 248 257 239 255 224 237 252 247 268 249 263 240 251 237 232 257 260 257 230 244 264 239 246 259 245 238 263 239 239 226 246 245 240 231 256 240 247 249 251 258 246 241 225 223 245 242 242 245 248 247 238 243 231 249 250 251 237 248 224 231 244 239 245 231 224 232 257 233 243 227 241 249 233 230 246 236 262 278 247 248 256 246 262 240 244 266 255 259 252 232 243 246 265 244 261 258 250 258 241 254 256 233 234 260 248 237 259 267 256 246 242 238 247 238
237 231 224 266 233 230 242 241 247 256 250 240 236 241 235 258 241 242 241 249 241 236 232 223 247 223 245 252 233 232 242 252 232 227 256 236 236 242 253 226 261 273 238 262 245 248 260 249 249 257 263 265 252 263 245 240 263 249 257 248 259 260 232 244 241 247 235 254 247 246 264 263 257 243 236 249 240 249 242 234 206 221 208 221 187 206 197 192 174 188 187 195 201 193 184 219 192 175 181 188 193 181 185 193 205 198 207 199 203 219 211 204 205 189 214 218 198 201 214 200 262 246 262 248 241 258 269 253 260 244 254 235 249 242 254 257 258 243 260 241 243 250 240 249 251 248 240 267 261 252 240 238 260 238 242 261 266 250 236 259
46 62 59 80 52 47 57 68 43 42 46 54 53 46 59 75 57 59 61 77 51 41 45 50 45 47 49 60 45 61 64 78 59 73 68 66 45 44 49 34 240 244 250 225 249 253 219 237 256 232 255 252 239 238 266 255 252 250 230 254 260 239 246 247 267 242 246 247 232 248 228 243 253 248 239 236 249 249 238 247 0 0 0 0 0 0 0 0 0 0 0 0 0 0 0 0 0 0 0 0 0 0 0 0 0 0 0 0 0 0 0 0 0 0 0 0 0 0 0 0 161 151 144 164 144 161 159 162 157 164 166 171 185 166 173 185 176 177 160 159 156 170 172 155 158 168 152 171 147 149 165 155 162 158 147 142 163 147 157 145
0 0 0 0 0 0 0 0 0 0 0 0 0 0 0 0 0 0 0 0 0 0 0 0 0 0 0 0 0 0 0 0 0 0 0 0 0 0 0 0 165 163 148 143 175 177 180 173 187 155 167 167 176 189 178 171 171 144 167 194 167 162 167 166 177 164 167 179 177 169 173 156 142 146 171 160 147 149 179 141 39 44 47 65 38 47 52 50 41 40 45 65 46 47 49 54 40 43 53 61 51 60 59 77 46 56 44 51 59 58 58 57 48 70 68 72 46 43 55 47 242 241 239 245 253 236 241 240 239 270 220 239 241 224 233 250 246 242 251 244 241 249 258 249 252 233 239 252 241 240 242 256 249 236 248 262 227 258 242 232
45 57 64 87 64 69 78 97 68 68 56 84 55 54 61 62 44 49 50 67 33 35 41 44 34 42 49 53 35 50 46 50 44 52 52 72 41 41 37 37 264 249 234 224 253 245 251 245 237 236 235 225 235 254 244 235 230 240 254 266 254 240 256 257 249 253 246 245 226 237 258 236 282 243 253 237 240 237 246 261 0 0 0 0 0 0 0 0 0 0 0 0 0 0 0 0 0 0 0 0 0 0 0 0 0 0 0 0 0 0 0 0 0 0 0 0 0 0 0 0 151 168 158 161 147 153 151 146 155 146 168 121 140 163 142 151 155 173 133 153 139 159 163 153 168 166 168 175 166 162 163 175 155 144 153 148 159 168 159 156
0 0 0 0 0 0 0 0 0 0 0 0 0 0 0 0 0 0 0 0 0 0 0 0 0 0 0 0 0 0 0 0 0 0 0 0 0 0 0 0 159 155 160 153 161 173 138 159 161 166 167 159 150 164 134 150 159 153 147 131 145 151 153 161 163 157 163 164 157 175 161 148 153 137 146 163 160 160 171 160 54 50 63 72 47 53 61 58 53 61 71 78 56 58 53 73 38 47 54 63 43 53 52 58 43 46 50 44 44 43 41 63 49 47 64 65 48 36 46 47 243 232 259 241 256 246 241 261 242 231 252 256 250 226 226 246 240 232 232 227 241 239 265 232 247 239 235 241 243 253 226 239 256 230 269 244 240 238 248 230
47 51 52 81 52 58 54 64 39 51 43 61 37 44 55 57 52 53 69 77 61 62 60 70 58 60 59 65 47 58 50 70 55 51 57 73 33 38 35 37 241 238 232 250 230 244 225 252 256 218 233 226 256 241 237 251 261 234 241 241 245 232 226 222 232 243 224 253 215 235 234 231 254 225 219 244 250 257 261 239 0 0 0 0 0 0 0 0 0 0 0 0 0 0 0 0 0 0 0 0 0 0 0 0 0 0 0 0 0 0 0 0 0 0 0 0 0 0 0 0 153 169 167 177 170 169 165 166 173 161 162 156 164 160 138 162 174 167 162 168 158 146 164 173 168 158 143 162 163 163 160 156 151 155 154 146 156 152 154 163
0 0 0 0 0 0 0 0 0 0 0 0 0 0 0 0 0 0 0 0 0 0 0 0 0 0 0 0 0 0 0 0 0 0 0 0 0 0 0 0 165 149 153 174 180 171 155 166 182 158 163 180 172 164 156 158 161 158 165 155 161 157 165 160 158 154 161 165 158 131 148 146 123 151 165 152 148 148 164 151 43 53 61 68 45 50 46 48 57 34 53 67 45 53 61 68 52 63 55 70 48 50 53 66 47 54 49 51 57 57 51 64 38 44 55 53 35 29 43 35 257 261 241 241 242 251 227 247 243 255 243 254 220 245 245 239 237 232 265 229 256 244 256 236 248 253 245 234 238 252 247 241 243 239 243 245 259 237 249 234
102 107 100 109 82 94 109 106 94 92 96 97 83 89 82 102 89 100 101 120 93 93 94 112 94 97 109 98 108 94 101 115 109 105 120 125 86 104 89 93 250 243 265 252 260 262 248 262 241 243 249 269 261 251 250 244 253 246 256 252 249 251 250 256 223 257 242 258 264 234 257 254 254 257 251 235 294 252 240 262 251 256 225 270 280 248 264 243 217 248 264 261 244 237 240 240 262 229 233 244 240 245 243 250 239 240 257 243 244 269 225 247 256 245 247 242 263 236 242 249 243 243 260 235 261 250 247 244 244 262 248 238 220 247 251 241 220 259 242 248 239 258 247 261 236 252 263 243 240 254 259 246 241 243 231 259 254 246 245 258
245 244 258 225 252 223 249 221 253 246 229 234 229 241 239 248 241 243 239 244 250 242 259 238 231 245 238 228 247 262 249 240 236 252 245 242 244 222 238 242 245 246 242 256 250 268 258 239 241 253 247 243 259 263 250 249 257 255 242 236 254 242 246 247 250 232 247 243 242 253 230 256 241 242 255 237 244 260 236 249 88 91 99 105 83 89 86 92 82 88 83 103 95 103 103 112 98 88 103 121 93 97 105 119 115 110 122 104 113 109 106 118 90 96 98 115 84 83 90 85 270 252 274 249 265 248 260 254 240 257 254 248 258 259 237 250 246 277 267 250 260 242 234 248 232 226 249 276 248 241 227 255 247 262 238 241 244 260 223 252
191 193 196 225 188 210 207 240 212 207 202 218 202 209 200 213 194 198 186 191 198 178 181 202 185 179 203 215 201 199 200 195 197 200 201 229 211 217 166 196 273 236 262 259 266 249 270 258 279 246 236 252 259 247 262 256 245 261 275 234 263 233 253 249 243 249 242 255 255 260 245 241 245 252 244 255 242 262 265 247 237 238 229 238 247 263 223 272 244 251 269 251 255 241 249 253 245 239 238 257 248 244 251 253 265 240 249 249 253 246 250 255 258 240 247 232 239 246 227 252 254 247 253 250 249 248 255 264 235 244 247 273 248 232 232 249 230 236 253 239 261 255 255 238 251 257 243 248 256 242 254 248 251 254 254 253 251 241 251 247
236 246 236 230 259 253 254 256 252 248 249 239 239 240 234 244 242 269 236 250 222 244 241 253 238 241 254 252 240 253 245 253 236 231 232 243 241 238 240 234 257 266 234 259 235 227 251 264 238 241 230 238 246 245 255 232 266 254 265 245 253 244 264 254 271 256 243 238 233 238 254 249 229 231 264 269 238 254 249 256 203 195 213 211 197 193 209 218 196 188 211 189 199 206 211 210 175 192 185 203 193 173 188 218 187 198 177 209 213 200 201 204 199 201 217 222 199 192 186 201 256 248 248 241 247 241 247 264 254 239 259 257 243 255 254 258 267 251 261 260 248 257 235 255 245 245 259 252 237 248 241 230 262 267 252 251 249 257 255 225
