0 0 0 0 0 0 0 0 0 0 0 0 0 0 0 0 0 0 0 0 0 0 0 0 0 0 0 0 0 0 0 0 0 0 0 0 0 0 0 0 44 42 37 43 42 43 49 45 43 38 41 29 36 43 37 28 28 40 32 39 36 34 33 34 28 35 39 36 31 43 43 33 30 18 28 34 25 36 39 27 0 0 0 0 0 0 0 0 0 0 0 0 0 0 0 0 0 0 0 0 0 0 0 0 0 0 0 0 0 0 0 0 0 0 0 0 0 0 0 0 0 0 0 0 0 0 0 0 0 0 0 0 0 0 0 0 0 0 0 0 0 0 0 0 0 0 0 0 0 0 0 0 0 0 0 0 0 0 0 0
0 0 0 0 0 0 0 0 0 0 0 0 0 0 0 0 0 0 0 0 0 0 0 0 0 0 0 0 0 0 0 0 0 0 0 0 0 0 0 0 0 0 0 0 0 0 0 0 0 0 0 0 0 0 0 0 0 0 0 0 0 0 0 0 0 0 0 0 0 0 0 0 0 0 0 0 0 0 0 0 0 0 0 0 0 0 0 0 0 0 0 0 0 0 0 0 0 0 0 0 0 0 0 0 0 0 0 0 0 0 0 0 0 0 0 0 0 0 0 0 36 40 39 40 41 46 38 50 46 29 40 39 31 28 26 28 27 32 37 28 32 28 28 26 40 36 34 39 35 32 42 35 32 41 41 39 49 48 34 24
0 0 0 0 0 0 0 0 0 0 0 0 0 0 0 0 0 0 0 0 0 0 0 0 0 0 0 0 0 0 0 0 0 0 0 0 0 0 0 0 34 33 27 42 40 41 35 41 33 26 33 36 32 40 40 36 34 34 49 51 48 49 52 47 35 41 46 40 47 48 45 35 33 26 19 29 24 28 29 18 0 0 0 0 0 0 0 0 0 0 0 0 0 0 0 0 0 0 0 0 0 0 0 0 0 0 0 0 0 0 0 0 0 0 0 0 0 0 0 0 0 0 0 0 0 0 0 0 0 0 0 0 0 0 0 0 0 0 0 0 0 0 0 0 0 0 0 0 0 0 0 0 0 0 0 0 0 0 0 0
0 0 0 0 0 0 0 0 0 0 0 0 0 0 0 0 0 0 0 0 0 0 0 0 0 0 0 0 0 0 0 0 0 0 0 0 0 0 0 0 0 0 0 0 0 0 0 0 0 0 0 0 0 0 0 0 0 0 0 0 0 0 0 0 0 0 0 0 0 0 0 0 0 0 0 0 0 0 0 0 0 0 0 0 0 0 0 0 0 0 0 0 0 0 0 0 0 0 0 0 0 0 0 0 0 0 0 0 0 0 0 0 0 0 0 0 0 0 0 0 30 36 36 44 31 35 37 43 41 44 30 38 48 38 45 26 38 36 36 35 36 44 45 40 39 38 41 39 35 43 32 29 26 30 33 50 38 38 26 20
0 0 0 0 0 0 0 0 0 0 0 0 0 0 0 0 0 0 0 0 0 0 0 0 0 0 0 0 0 0 0 0 0 0 0 0 0 0 0 0 60 58 45 53 56 56 52 43 54 60 60 64 61 59 61 54 53 53 60 52 53 63 60 56 63 63 78 77 76 79 75 66 64 76 73 72 55 54 62 56 1 2 4 5 272 263 236 365 0 0 0 0 0 0 0 0 0 0 0 0 0 0 0 0 0 0 0 0 0 0 0 0 0 0 0 0 0 0 0 0 233 228 243 247 245 241 251 233 236 260 252 236 251 254 246 252 276 226 260 244 234 254 249 246 260 243 251 255 247 249 221 230 230 240 229 241 230 239 236 256
34 64 129 222 243 226 254 390 0 0 0 0 0 0 0 0 0 0 0 0 0 0 0 0 0 0 0 0 0 0 0 0 0 0 0 0 0 0 0 0 249 243 252 234 227 246 256 244 243 246 244 253 249 235 243 250 260 240 249 264 252 251 222 244 232 241 238 249 249 262 251 246 251 246 232 252 246 237 242 248 0 0 0 0 0 0 0 0 0 0 0 0 0 0 0 0 0 0 0 0 0 0 0 0 0 0 0 0 0 0 0 0 0 0 0 0 0 0 0 0 52 59 52 46 58 45 61 52 61 57 55 71 62 65 63 64 77 79 55 85 65 59 66 69 63 70 71 77 71 72 84 81 61 69 66 62 61 54 52 53
0 0 0 0 0 0 0 0 0 0 0 0 0 0 0 0 0 0 0 0 0 0 0 0 0 0 0 0 0 0 0 0 0 0 0 0 0 0 0 0 156 156 164 154 161 172 168 159 175 166 154 150 153 152 158 149 150 157 138 161 144 167 153 164 158 171 165 161 155 164 177 169 172 164 167 172 170 157 163 177 0 0 0 0 0 0 0 0 0 0 0 0 0 0 3 8 17 43 88 194 253 261 240 356 0 0 0 0 0 0 0 0 0 0 0 0 0 0 0 0 231 255 251 267 221 245 232 246 226 230 241 234 246 249 235 245 255 240 248 243 231 240 244 252 244 240 248 247 241 235 232 249 245 251 245 237 239 248 233 251
0 0 0 0 0 0 0 0 0 0 0 0 0 0 2 4 7 17 30 64 250 239 259 378 0 0 0 0 0 0 0 0 0 0 0 0 0 0 0 0 217 240 231 250 228 233 242 244 244 240 277 240 234 243 226 229 247 233 244 246 240 221 231 250 228 241 248 244 252 247 244 240 233 245 231 233 231 245 247 262 0 0 0 0 0 0 0 0 0 0 0 0 0 0 0 0 0 0 0 0 0 0 0 0 0 0 0 0 0 0 0 0 0 0 0 0 0 0 0 0 166 174 165 180 152 161 162 151 163 151 162 149 160 147 156 141 151 135 147 161 156 147 155 147 175 175 154 176 171 161 179 172 173 171 178 188 174 155 166 165
0 0 0 0 0 0 0 0 0 0 0 0 0 0 0 0 0 0 0 0 0 0 0 0 0 0 0 0 0 0 0 0 0 0 0 0 0 0 0 0 242 252 250 250 262 230 258 248 258 257 268 239 253 260 255 237 261 247 254 239 261 254 256 237 254 264 251 260 263 225 244 237 248 271 256 254 235 230 253 252 0 0 0 0 0 0 0 0 0 0 0 0 0 0 0 0 0 0 0 0 0 0 0 0 0 0 0 0 0 0 0 3 9 27 68 139 250 241 253 361 238 245 256 233 251 241 234 232 242 235 235 246 233 250 261 232 227 257 244 253 236 241 250 240 236 251 210 236 231 222 236 241 237 245 247 230 243 230 250 266
0 0 0 0 0 0 0 0 0 0 0 0 0 0 0 0 0 0 0 0 0 0 0 0 0 0 1 1 3 3 5 15 31 66 120 238 379 260 260 379 237 249 236 228 244 237 235 236 246 239 258 230 242 249 255 245 253 231 248 238 249 249 239 240 242 223 239 244 242 246 234 246 248 217 229 254 243 243 232 236 0 0 0 0 0 0 0 0 0 0 0 0 0 0 0 0 0 0 0 0 0 0 0 0 0 0 0 0 0 0 0 0 0 0 0 0 0 0 0 0 240 239 245 257 250 252 248 248 236 216 251 227 222 256 231 224 257 239 237 236 246 257 239 228 251 254 233 254 244 236 237 245 268 240 234 257 239 243 247 255
0 0 0 0 0 0 0 0 0 0 0 0 0 0 0 0 0 0 0 0 0 0 0 0 0 0 0 0 0 0 0 0 0 0 0 0 0 0 0 0 39 40 44 45 53 51 46 50 43 47 43 41 50 42 42 33 34 39 40 33 28 33 33 42 37 36 44 36 41 43 38 44 28 28 30 36 44 33 40 34 0 0 0 0 0 0 0 0 0 0 0 0 0 0 0 0 0 0 0 0 0 0 0 0 0 0 0 0 0 0 0 0 0 0 0 0 0 0 0 0 0 0 0 0 0 0 0 0 0 0 0 0 0 0 0 0 0 0 0 0 0 0 0 0 0 0 0 0 0 0 0 0 0 0 0 0 0 0 0 0
0 0 0 0 0 0 0 0 0 0 0 0 0 0 0 0 0 0 0 0 0 0 0 0 0 0 0 0 0 0 0 0 0 0 0 0 0 0 0 0 0 0 0 0 0 0 0 0 0 0 0 0 0 0 0 0 0 0 0 0 0 0 0 0 0 0 0 0 0 0 0 0 0 0 0 0 0 0 0 0 0 0 0 0 0 0 0 0 0 0 0 0 0 0 0 0 0 0 0 0 0 0 0 0 0 0 0 0 0 0 0 0 0 0 0 0 0 0 0 0 37 39 43 56 50 44 47 37 52 44 38 36 32 30 25 26 30 42 36 30 33 29 35 32 36 33 35 35 40 42 41 30 27 43 50 41 52 40 35 40
0 0 0 0 0 0 0 0 0 0 0 0 0 0 0 0 0 0 0 0 0 0 0 0 0 0 0 0 0 0 0 0 0 0 0 0 0 0 0 0 34 38 41 43 44 39 45 37 34 31 33 32 34 44 38 40 43 44 62 48 45 43 50 46 38 44 39 42 36 46 46 33 35 34 27 30 29 32 30 27 0 0 0 0 0 0 0 0 0 0 0 0 0 0 0 0 0 0 0 0 0 0 0 0 0 0 0 0 0 0 0 0 0 0 0 0 0 0 0 0 0 0 0 0 0 0 0 0 0 0 0 0 0 0 0 0 0 0 0 0 0 0 0 0 0 0 0 0 0 0 0 0 0 0 0 0 0 0 0 0
0 0 0 0 0 0 0 0 0 0 0 0 0 0 0 0 0 0 0 0 0 0 0 0 0 0 0 0 0 0 0 0 0 0 0 0 0 0 0 0 0 0 0 0 0 0 0 0 0 0 0 0 0 0 0 0 0 0 0 0 0 0 0 0 0 0 0 0 0 0 0 0 0 0 0 0 0 0 0 0 0 0 0 0 0 0 0 0 0 0 0 0 0 0 0 0 0 0 0 0 0 0 0 0 0 0 0 0 0 0 0 0 0 0 0 0 0 0 0 0 34 36 37 33 40 36 45 43 41 45 37 40 44 41 30 38 42 45 33 41 38 49 41 56 52 38 38 36 36 30 29 25 31 32 40 42 42 36 31 31
0 0 0 0 0 0 0 0 0 0 0 0 0 0 0 0 0 0 0 0 0 0 0 0 0 0 0 0 0 0 0 0 0 0 0 0 0 0 0 0 56 51 55 52 51 52 46 56 57 46 64 54 58 64 61 70 56 65 46 58 65 58 71 69 76 72 67 79 81 74 62 72 60 61 54 73 55 64 52 56 33 59 114 244 270 341 382 241 0 0 0 0 0 0 0 0 0 0 0 0 0 0 0 0 0 0 0 0 0 0 0 0 0 0 0 0 0 0 0 0 227 240 259 238 240 235 230 260 248 236 252 233 238 214 238 239 235 248 257 247 268 229 230 249 244 230 217 252 233 246 226 240 260 252 238 231 262 245 245 242
45 89 180 342 368 314 318 255 0 0 0 0 0 0 0 0 0 0 0 0 0 0 0 0 0 0 0 0 0 0 0 0 0 0 0 0 0 0 0 0 260 238 245 248 247 242 245 242 241 239 239 239 241 245 244 247 252 238 246 244 227 241 246 236 248 254 259 254 231 233 247 223 253 232 236 247 264 255 253 243 0 0 0 0 0 0 0 0 0 0 0 0 0 0 0 0 0 0 0 0 0 0 0 0 0 0 0 0 0 0 0 0 0 0 0 0 0 0 0 0 54 52 41 50 51 50 53 50 50 47 45 60 61 60 69 62 65 62 68 62 60 55 64 54 70 72 57 66 73 69 84 70 73 67 58 45 60 56 55 53
0 0 0 0 0 0 0 0 0 0 0 0 0 0 0 0 0 0 0 0 0 0 0 0 0 0 0 0 0 0 0 0 0 0 0 0 0 0 0 0 162 175 175 158 177 152 149 173 147 150 166 147 143 145 164 157 151 153 146 136 162 155 120 161 162 153 168 183 167 186 154 168 152 177 163 159 167 163 168 157 0 0 0 0 0 0 0 0 0 0 0 0 0 1 5 11 22 47 95 200 242 279 272 270 0 0 0 0 0 0 0 0 0 0 0 0 0 0 0 0 242 233 237 238 222 240 239 241 237 258 233 239 250 271 249 254 240 225 237 263 251 244 244 265 232 249 223 227 254 240 248 232 245 235 242 248 256 242 250 247
0 0 0 0 0 0 0 0 0 0 0 0 2 5 10 20 41 85 160 314 255 269 236 263 0 0 0 0 0 0 0 0 0 0 0 0 0 0 0 0 234 254 255 241 251 227 239 232 270 238 249 237 264 236 244 226 248 247 247 241 226 226 246 237 230 237 243 247 233 251 244 227 239 254 231 237 248 239 243 230 0 0 0 0 0 0 0 0 0 0 0 0 0 0 0 0 0 0 0 0 0 0 0 0 0 0 0 0 0 0 0 0 0 0 0 0 0 0 0 0 178 169 179 157 152 135 165 162 158 157 149 158 146 144 151 156 150 154 141 140 141 163 155 159 168 158 176 186 186 185 173 186 181 184 164 173 180 173 173 154
0 0 0 0 0 0 0 0 0 0 0 0 0 0 0 0 0 0 0 0 0 0 0 0 0 0 0 0 0 0 0 0 0 0 0 0 0 0 0 0 266 226 264 246 246 244 261 235 251 253 249 236 250 257 242 257 270 260 248 251 254 250 237 240 250 256 225 222 266 251 246 245 252 246 267 253 233 247 262 241 0 0 0 0 0 0 0 0 0 0 0 0 0 0 0 0 0 0 0 0 0 0 0 0 0 0 0 0 1 4 8 20 34 89 173 373 395 242 376 277 240 230 234 250 228 248 249 226 227 253 237 234 235 253 242 239 235 251 237 228 227 225 248 218 238 231 230 245 247 264 236 250 249 218 221 245 232 251 249 248
0 0 0 0 0 0 0 0 0 0 0 0 0 0 0 0 0 0 0 0 0 0 0 0 0 0 1 1 4 6 10 18 45 96 190 381 367 257 381 261 233 237 239 259 250 232 238 252 247 235 239 251 244 227 243 240 241 238 244 242 247 233 231 234 220 237 234 244 253 234 217 242 233 243 236 255 240 234 230 238 0 0 0 0 0 0 0 0 0 0 0 0 0 0 0 0 0 0 0 0 0 0 0 0 0 0 0 0 0 0 0 0 0 0 0 0 0 0 0 0 236 235 268 255 238 239 268 216 243 250 234 243 264 256 246 228 238 270 267 260 223 254 253 256 248 247 246 263 263 229 230 253 263 226 235 263 253 235 259 248
0 0 0 0 0 0 0 0 0 0 0 0 0 0 0 0 0 0 0 0 0 0 0 0 0 0 0 0 0 0 0 0 0 0 0 0 0 0 0 0 47 41 36 47 47 49 42 48 34 38 48 40 44 44 38 37 39 32 33 30 28 28 37 32 32 32 45 36 42 44 41 39 23 25 31 31 39 39 31 27 0 0 0 0 0 0 0 0 0 0 0 0 0 0 0 0 0 0 0 0 0 0 0 0 0 0 0 0 0 0 0 0 0 0 0 0 0 0 0 0 0 0 0 0 0 0 0 0 0 0 0 0 0 0 0 0 0 0 0 0 0 0 0 0 0 0 0 0 0 0 0 0 0 0 0 0 0 0 0 0
0 0 0 0 0 0 0 0 0 0 0 0 0 0 0 0 0 0 0 0 0 0 0 0 0 0 0 0 0 0 0 0 0 0 0 0 0 0 0 0 0 0 0 0 0 0 0 0 0 0 0 0 0 0 0 0 0 0 0 0 0 0 0 0 0 0 0 0 0 0 0 0 0 0 0 0 0 0 0 0 0 0 0 0 0 0 0 0 0 0 0 0 0 0 0 0 0 0 0 0 0 0 0 0 0 0 0 0 0 0 0 0 0 0 0 0 0 0 0 0 40 43 45 44 49 56 50 46 37 45 39 40 38 28 23 28 23 35 30 40 34 32 36 28 30 35 30 38 28 33 40 28 29 46 41 44 44 37 36 34
0 0 0 0 0 0 0 0 0 0 0 0 0 0 0 0 0 0 0 0 0 0 0 0 0 0 0 0 0 0 0 0 0 0 0 0 0 0 0 0 36 34 30 42 40 33 33 43 27 29 36 34 33 37 43 34 45 37 48 52 44 47 48 45 37 40 35 46 50 45 39 24 36 32 24 30 30 27 32 23 0 0 0 0 0 0 0 0 0 0 0 0 0 0 0 0 0 0 0 0 0 0 0 0 0 0 0 0 0 0 0 0 0 0 0 0 0 0 0 0 0 0 0 0 0 0 0 0 0 0 0 0 0 0 0 0 0 0 0 0 0 0 0 0 0 0 0 0 0 0 0 0 0 0 0 0 0 0 0 0
0 0 0 0 0 0 0 0 0 0 0 0 0 0 0 0 0 0 0 0 0 0 0 0 0 0 0 0 0 0 0 0 0 0 0 0 0 0 0 0 0 0 0 0 0 0 0 0 0 0 0 0 0 0 0 0 0 0 0 0 0 0 0 0 0 0 0 0 0 0 0 0 0 0 0 0 0 0 0 0 0 0 0 0 0 0 0 0 0 0 0 0 0 0 0 0 0 0 0 0 0 0 0 0 0 0 0 0 0 0 0 0 0 0 0 0 0 0 0 0 32 35 34 36 24 40 40 36 35 42 37 35 50 38 43 43 46 37 38 35 42 46 39 48 42 46 33 34 32 37 23 25 27 28 34 43 37 27 28 25
0 0 0 0 0 0 0 0 0 0 0 0 0 0 0 0 0 0 0 0 0 0 0 0 0 0 0 0 0 0 0 0 0 0 0 0 0 0 0 0 64 49 54 50 50 65 39 55 56 59 52 65 56 60 68 63 53 56 67 48 52 61 56 75 61 77 73 76 75 81 62 64 67 70 69 63 60 60 62 53 34 59 110 230 376 356 378 239 0 0 0 0 0 0 0 0 0 0 0 0 0 0 0 0 0 0 0 0 0 0 0 0 0 0 0 0 0 0 0 0 241 248 219 224 244 252 261 234 255 238 250 239 240 226 253 255 235 229 250 248 242 246 243 241 235 245 244 250 254 245 274 262 237 240 237 228 241 244 235 243
30 58 128 228 252 384 366 269 0 0 0 0 0 0 0 0 0 0 0 0 0 0 0 0 0 0 0 0 0 0 0 0 0 0 0 0 0 0 0 0 241 223 242 233 258 241 263 224 279 263 234 245 252 256 241 258 254 233 253 252 244 244 260 250 247 249 269 248 268 248 241 247 237 259 243 229 256 241 233 245 0 0 0 0 0 0 0 0 0 0 0 0 0 0 0 0 0 0 0 0 0 0 0 0 0 0 0 0 0 0 0 0 0 0 0 0 0 0 0 0 56 50 49 52 53 49 58 53 58 48 51 60 59 63 71 64 72 65 57 67 72 67 63 72 73 74 81 72 74 69 63 74 60 60 68 55 63 53 58 41
0 0 0 0 0 0 0 0 0 0 0 0 0 0 0 0 0 0 0 0 0 0 0 0 0 0 0 0 0 0 0 0 0 0 0 0 0 0 0 0 160 158 156 157 179 157 172 157 154 149 154 157 145 162 155 150 163 158 156 153 168 153 152 161 171 166 176 158 171 156 170 172 165 166 159 166 174 171 171 166 0 0 0 0 0 0 0 0 0 0 0 0 0 0 3 9 17 39 85 185 261 356 368 259 0 0 0 0 0 0 0 0 0 0 0 0 0 0 0 0 236 230 242 258 234 247 244 245 235 250 235 234 238 248 226 248 252 241 258 253 241 248 246 245 255 269 246 242 242 249 253 254 248 234 234 245 238 234 269 249
0 0 0 0 0 0 0 0 0 0 0 0 0 1 7 15 29 53 93 178 242 358 378 239 0 0 0 0 0 0 0 0 0 0 0 0 0 0 0 0 253 267 265 249 234 247 254 228 268 258 264 237 240 244 271 243 254 241 242 242 263 241 238 243 238 247 249 246 237 249 241 227 272 252 238 255 258 240 247 251 0 0 0 0 0 0 0 0 0 0 0 0 0 0 0 0 0 0 0 0 0 0 0 0 0 0 0 0 0 0 0 0 0 0 0 0 0 0 0 0 172 161 170 157 155 156 167 158 142 161 170 143 168 151 143 171 154 138 148 155 154 150 158 146 152 158 165 180 175 178 184 157 181 173 184 173 173 160 188 162
0 0 0 0 0 0 0 0 0 0 0 0 0 0 0 0 0 0 0 0 0 0 0 0 0 0 0 0 0 0 0 0 0 0 0 0 0 0 0 0 251 239 258 244 232 237 267 256 231 254 249 248 243 250 257 252 243 280 254 217 250 237 252 258 259 245 259 248 244 265 246 232 258 264 238 241 221 258 236 251 0 0 0 0 0 0 0 0 0 0 0 0 0 0 0 0 0 0 0 0 0 0 0 0 0 0 0 1 2 4 9 13 21 49 103 239 259 106 389 239 241 246 250 233 246 243 247 241 228 238 245 244 233 227 247 253 254 239 253 238 242 239 254 236 243 253 237 266 235 258 258 246 234 233 255 249 223 258 255 237
0 0 0 0 0 0 0 0 0 0 0 0 0 0 0 0 0 0 0 0 0 0 0 0 0 0 0 0 2 3 4 11 28 61 129 250 379 123 372 243 245 241 246 236 255 222 245 240 240 240 245 228 246 264 231 249 241 243 265 243 236 223 263 240 254 242 247 241 244 231 251 257 246 240 241 245 254 230 264 236 0 0 0 0 0 0 0 0 0 0 0 0 0 0 0 0 0 0 0 0 0 0 0 0 0 0 0 0 0 0 0 0 0 0 0 0 0 0 0 0 265 236 263 261 261 256 234 245 243 256 252 253 246 279 254 275 243 254 246 258 235 258 260 264 226 252 259 249 252 242 254 271 258 237 269 248 243 282 242 235
0 0 0 0 0 0 0 0 0 0 0 0 0 0 0 0 0 0 0 0 0 0 0 0 0 0 0 0 0 0 0 0 0 0 0 0 0 0 0 0 45 44 44 51 46 57 52 50 49 45 46 46 42 43 38 48 31 37 34 32 29 39 32 44 39 41 37 39 36 49 47 38 35 25 22 36 30 35 47 32 0 0 0 0 0 0 0 0 0 0 0 0 0 0 0 0 0 0 0 0 0 0 0 0 0 0 0 0 0 0 0 0 0 0 0 0 0 0 0 0 0 0 0 0 0 0 0 0 0 0 0 0 0 0 0 0 0 0 0 0 0 0 0 0 0 0 0 0 0 0 0 0 0 0 0 0 0 0 0 0
0 0 0 0 0 0 0 0 0 0 0 0 0 0 0 0 0 0 0 0 0 0 0 0 0 0 0 0 0 0 0 0 0 0 0 0 0 0 0 0 0 0 0 0 0 0 0 0 0 0 0 0 0 0 0 0 0 0 0 0 0 0 0 0 0 0 0 0 0 0 0 0 0 0 0 0 0 0 0 0 0 0 0 0 0 0 0 0 0 0 0 0 0 0 0 0 0 0 0 0 0 0 0 0 0 0 0 0 0 0 0 0 0 0 0 0 0 0 0 0 36 48 47 51 49 41 39 44 59 35 46 37 27 30 30 29 25 32 40 32 34 26 30 28 41 39 32 39 39 40 42 35 31 42 42 51 56 53 44 37
0 0 0 0 0 0 0 0 0 0 0 0 0 0 0 0 0 0 0 0 0 0 0 0 0 0 0 0 0 0 0 0 0 0 0 0 0 0 0 0 39 39 36 45 45 38 40 34 39 25 35 38 35 51 41 45 38 38 47 57 49 50 56 51 50 40 47 43 47 43 39 45 30 26 30 36 30 30 34 26 0 0 0 0 0 0 0 0 0 0 0 0 0 0 0 0 0 0 0 0 0 0 0 0 0 0 0 0 0 0 0 0 0 0 0 0 0 0 0 0 0 0 0 0 0 0 0 0 0 0 0 0 0 0 0 0 0 0 0 0 0 0 0 0 0 0 0 0 0 0 0 0 0 0 0 0 0 0 0 0
0 0 0 0 0 0 0 0 0 0 0 0 0 0 0 0 0 0 0 0 0 0 0 0 0 0 0 0 0 0 0 0 0 0 0 0 0 0 0 0 0 0 0 0 0 0 0 0 0 0 0 0 0 0 0 0 0 0 0 0 0 0 0 0 0 0 0 0 0 0 0 0 0 0 0 0 0 0 0 0 0 0 0 0 0 0 0 0 0 0 0 0 0 0 0 0 0 0 0 0 0 0 0 0 0 0 0 0 0 0 0 0 0 0 0 0 0 0 0 0 33 32 33 33 43 39 40 38 44 41 43 42 50 46 37 42 49 45 35 41 40 47 45 46 54 43 47 34 37 35 29 24 25 28 28 38 41 26 36 27
0 0 0 0 0 0 0 0 0 0 0 0 0 0 0 0 0 0 0 0 0 0 0 0 0 0 0 0 0 0 0 0 0 0 0 0 0 0 0 0 56 57 40 45 52 65 50 53 57 58 47 62 54 64 70 68 57 60 55 54 50 66 56 70 76 66 89 79 67 74 73 73 59 64 66 65 55 58 64 50 39 66 120 243 224 256 242 362 0 0 0 0 0 0 0 0 0 0 0 0 0 0 0 0 0 0 0 0 0 0 0 0 0 0 0 0 0 0 0 0 232 242 222 237 246 257 229 251 242 274 260 217 245 256 238 233 241 260 247 224 232 253 262 248 268 223 258 238 248 257 248 240 239 234 238 231 241 257 252 235
45 86 185 340 365 178 246 385 0 0 0 0 0 0 0 0 0 0 0 0 0 0 0 0 0 0 0 0 0 0 0 0 0 0 0 0 0 0 0 0 247 246 243 247 241 244 221 243 256 245 237 228 243 242 216 258 246 264 231 221 242 255 247 224 236 227 221 262 246 244 238 247 229 247 250 269 259 249 208 250 0 0 0 0 0 0 0 0 0 0 0 0 0 0 0 0 0 0 0 0 0 0 0 0 0 0 0 0 0 0 0 0 0 0 0 0 0 0 0 0 56 50 61 49 54 55 60 46 58 48 58 55 63 66 66 65 65 81 64 67 62 59 68 72 68 66 72 70 69 66 77 63 61 62 68 56 62 53 64 54
0 0 0 0 0 0 0 0 0 0 0 0 0 0 0 0 0 0 0 0 0 0 0 0 0 0 0 0 0 0 0 0 0 0 0 0 0 0 0 0 166 150 162 170 170 179 150 166 185 155 160 151 154 158 154 145 160 133 151 149 148 161 155 155 160 152 172 185 175 174 170 178 154 165 160 148 173 168 158 166 0 0 0 0 0 0 0 0 0 0 0 0 0 0 3 3 6 18 33 70 243 140 240 379 0 0 0 0 0 0 0 0 0 0 0 0 0 0 0 0 243 247 237 243 242 237 239 247 237 244 246 246 231 236 253 236 247 254 252 258 228 242 236 237 235 241 239 253 233 225 257 217 238 246 239 243 228 254 238 231
0 0 0 0 0 0 0 0 0 0 1 1 1 4 9 24 42 86 165 309 253 143 248 377 0 0 0 0 0 0 0 0 0 0 0 0 0 0 0 0 226 232 240 236 261 237 254 256 240 253 253 246 249 247 240 250 247 234 283 247 232 243 242 248 237 252 255 233 245 231 241 237 252 252 244 238 238 247 238 240 0 0 0 0 0 0 0 0 0 0 0 0 0 0 0 0 0 0 0 0 0 0 0 0 0 0 0 0 0 0 0 0 0 0 0 0 0 0 0 0 159 163 161 156 151 184 163 171 167 161 167 152 165 153 163 150 140 149 158 149 166 171 149 136 152 165 174 173 193 177 174 188 159 157 179 165 174 169 167 153
0 0 0 0 0 0 0 0 0 0 0 0 0 0 0 0 0 0 0 0 0 0 0 0 0 0 0 0 0 0 0 0 0 0 0 0 0 0 0 0 261 243 254 259 263 247 260 245 253 242 242 241 249 224 258 245 263 253 258 254 250 252 261 253 231 256 245 222 259 270 257 256 255 258 269 254 244 249 257 254 0 0 0 0 0 0 0 0 0 0 0 0 0 0 0 0 0 0 0 0 0 0 0 0 0 0 0 0 0 1 4 13 17 50 116 239 252 383 262 375 229 241 257 227 242 224 259 237 235 235 265 249 236 230 243 233 249 232 216 238 239 244 258 235 254 239 237 247 256 256 239 244 245 248 246 235 252 248 216 241
0 0 0 0 0 0 0 0 0 0 0 0 0 0 0 0 0 0 0 0 0 0 0 0 0 0 1 1 3 4 5 12 32 67 133 245 237 387 248 371 236 232 239 235 247 260 248 251 253 271 247 241 247 239 242 254 245 232 240 254 241 235 239 260 250 233 243 245 239 241 252 261 245 241 234 222 237 234 250 235 0 0 0 0 0 0 0 0 0 0 0 0 0 0 0 0 0 0 0 0 0 0 0 0 0 0 0 0 0 0 0 0 0 0 0 0 0 0 0 0 254 231 255 250 263 243 234 246 252 265 234 253 254 271 247 260 247 245 259 229 250 256 243 256 264 258 276 264 247 242 257 247 246 245 233 233 254 241 253 232
0 0 0 0 0 0 0 0 0 0 0 0 0 0 0 0 0 0 0 0 0 0 0 0 0 0 0 0 0 0 0 0 0 0 0 0 0 0 0 0 49 46 44 42 52 36 39 36 39 38 41 38 33 37 28 36 28 24 28 34 38 38 47 53 39 42 46 30 36 32 36 29 24 33 28 26 35 46 37 21 0 0 0 0 0 0 0 0 0 0 0 0 0 0 0 0 0 0 0 0 0 0 0 0 0 0 0 0 0 0 0 0 0 0 0 0 0 0 0 0 0 0 0 0 0 0 0 0 0 0 0 0 0 0 0 0 0 0 0 0 0 0 0 0 0 0 0 0 0 0 0 0 0 0 0 0 0 0 0 0
0 0 0 0 0 0 0 0 0 0 0 0 0 0 0 0 0 0 0 0 0 0 0 0 0 0 0 0 0 0 0 0 0 0 0 0 0 0 0 0 0 0 0 0 0 0 0 0 0 0 0 0 0 0 0 0 0 0 0 0 0 0 0 0 0 0 0 0 0 0 0 0 0 0 0 0 0 0 0 0 0 0 0 0 0 0 0 0 0 0 0 0 0 0 0 0 0 0 0 0 0 0 0 0 0 0 0 0 0 0 0 0 0 0 0 0 0 0 0 0 46 55 57 45 48 39 48 39 35 32 26 29 31 38 38 43 47 29 37 31 28 19 29 36 26 36 32 45 43 32 45 39 46 45 34 43 52 39 37 24
0 0 0 0 0 0 0 0 0 0 0 0 0 0 0 0 0 0 0 0 0 0 0 0 0 0 0 0 0 0 0 0 0 0 0 0 0 0 0 0 38 41 41 36 41 35 29 37 35 35 41 34 32 48 53 36 42 41 47 55 42 48 39 40 32 40 45 45 45 36 35 33 27 21 25 30 32 38 35 28 0 0 0 0 0 0 0 0 0 0 0 0 0 0 0 0 0 0 0 0 0 0 0 0 0 0 0 0 0 0 0 0 0 0 0 0 0 0 0 0 0 0 0 0 0 0 0 0 0 0 0 0 0 0 0 0 0 0 0 0 0 0 0 0 0 0 0 0 0 0 0 0 0 0 0 0 0 0 0 0
0 0 0 0 0 0 0 0 0 0 0 0 0 0 0 0 0 0 0 0 0 0 0 0 0 0 0 0 0 0 0 0 0 0 0 0 0 0 0 0 0 0 0 0 0 0 0 0 0 0 0 0 0 0 0 0 0 0 0 0 0 0 0 0 0 0 0 0 0 0 0 0 0 0 0 0 0 0 0 0 0 0 0 0 0 0 0 0 0 0 0 0 0 0 0 0 0 0 0 0 0 0 0 0 0 0 0 0 0 0 0 0 0 0 0 0 0 0 0 0 41 47 45 43 34 45 44 45 49 44 41 38 35 37 41 42 48 46 45 39 33 25 37 38 38 39 32 28 30 33 36 40 30 28 26 25 27 30 33 31
0 0 0 0 0 0 0 0 0 0 0 0 0 0 0 0 0 0 0 0 0 0 0 0 0 0 0 0 0 0 0 0 0 0 0 0 0 0 0 0 37 32 23 20 30 37 41 37 40 46 38 41 36 36 41 26 32 35 32 46 40 33 38 44 39 47 51 51 48 48 45 39 27 36 37 39 35 29 35 27 252 249 242 369 0 0 0 0 0 0 0 0 0 0 0 0 0 0 0 0 0 0 0 0 0 0 0 0 0 0 0 0 0 0 0 0 0 0 0 0 232 255 243 232 220 229 242 256 249 234 254 252 248 239 250 248 249 259 263 243 236 246 222 248 238 237 223 241 243 247 237 232 240 240 234 256 234 250 235 254
255 235 259 384 0 0 0 0 0 0 0 0 0 0 0 0 0 0 0 0 0 0 0 0 0 0 0 0 0 0 0 0 0 0 0 0 0 0 0 0 239 251 259 252 231 226 240 231 277 250 258 261 245 255 251 243 243 250 257 239 239 261 246 226 234 241 244 226 241 249 245 230 255 252 242 256 261 249 266 253 0 0 0 0 0 0 0 0 0 0 0 0 0 0 0 0 0 0 0 0 0 0 0 0 0 0 0 0 0 0 0 0 0 0 0 0 0 0 0 0 38 36 42 33 32 26 26 31 37 31 32 43 45 38 41 45 44 40 56 40 34 38 32 29 40 43 43 47 61 50 55 40 42 38 34 39 34 26 29 23
0 0 0 0 0 0 0 0 0 0 0 0 0 0 0 0 0 0 0 0 0 0 0 0 0 0 0 0 0 0 0 0 0 0 0 0 0 0 0 0 146 146 123 139 140 153 131 124 125 117 135 134 119 127 119 107 111 128 137 126 137 127 128 121 135 141 132 162 158 145 152 137 136 132 150 136 138 151 140 124 0 0 0 0 1 1 1 2 3 5 7 10 22 51 106 194 243 238 258 377 0 0 0 0 0 0 0 0 0 0 0 0 0 0 0 0 0 0 0 0 249 240 241 218 263 241 241 245 253 248 254 229 257 237 240 235 246 248 234 232 238 241 235 234 244 232 224 224 245 239 237 237 225 244 245 244 236 233 246 243
0 0 0 0 1 1 1 1 5 6 12 16 26 43 86 169 246 245 262 363 0 0 0 0 0 0 0 0 0 0 0 0 0 0 0 0 0 0 0 0 242 246 231 246 224 243 263 227 240 241 248 260 242 230 244 258 234 244 254 236 223 249 249 252 242 209 250 253 222 263 225 228 230 235 242 229 243 241 231 232 0 0 0 0 0 0 0 0 0 0 0 0 0 0 0 0 0 0 0 0 0 0 0 0 0 0 0 0 0 0 0 0 0 0 0 0 0 0 0 0 152 142 146 139 119 129 129 123 132 124 117 123 126 124 140 128 128 134 148 132 116 126 115 122 153 150 148 149 154 150 159 143 138 149 165 147 137 137 142 128
0 0 0 0 0 0 0 0 0 0 0 0 0 0 0 0 0 0 0 0 0 0 0 0 0 0 0 0 0 0 0 0 0 0 0 0 0 0 0 0 246 239 250 215 242 230 233 220 224 237 251 241 240 229 230 238 250 249 244 240 229 230 223 233 212 231 242 238 234 227 210 223 230 247 230 253 243 242 244 253 0 0 0 0 0 0 0 0 0 0 0 0 0 0 0 0 0 0 0 0 0 0 0 0 0 2 2 3 9 15 42 85 204 286 244 379 0 0 0 0 238 227 253 229 260 235 252 240 243 228 267 226 219 251 219 231 235 254 233 245 253 253 215 269 223 245 250 241 234 238 222 244 240 245 253 238 230 233 247 245
0 0 0 0 0 0 0 0 0 0 0 0 0 0 0 0 0 0 0 0 0 0 0 0 0 1 3 3 6 13 22 46 254 256 257 381 0 0 0 0 246 235 252 256 248 231 243 238 233 239 241 261 248 241 237 250 243 245 254 219 238 236 240 243 242 249 255 249 239 237 249 251 239 256 244 251 248 242 250 245 0 0 0 0 0 0 0 0 0 0 0 0 0 0 0 0 0 0 0 0 0 0 0 0 0 0 0 0 0 0 0 0 0 0 0 0 0 0 0 0 244 255 240 231 230 231 237 245 238 228 221 237 217 228 258 230 230 250 236 236 232 238 241 206 234 230 232 247 229 245 249 243 239 253 241 244 252 243 254 241
0 0 0 0 0 0 0 0 0 0 0 0 0 0 0 0 0 0 0 0 0 0 0 0 0 0 0 0 0 0 0 0 0 0 0 0 0 0 0 0 53 48 52 41 45 35 32 35 42 41 36 34 30 39 33 40 29 27 28 41 34 33 39 46 57 47 41 41 41 33 35 34 30 31 34 34 48 49 45 46 0 0 0 0 0 0 0 0 0 0 0 0 0 0 0 0 0 0 0 0 0 0 0 0 0 0 0 0 0 0 0 0 0 0 0 0 0 0 0 0 0 0 0 0 0 0 0 0 0 0 0 0 0 0 0 0 0 0 0 0 0 0 0 0 0 0 0 0 0 0 0 0 0 0 0 0 0 0 0 0
0 0 0 0 0 0 0 0 0 0 0 0 0 0 0 0 0 0 0 0 0 0 0 0 0 0 0 0 0 0 0 0 0 0 0 0 0 0 0 0 0 0 0 0 0 0 0 0 0 0 0 0 0 0 0 0 0 0 0 0 0 0 0 0 0 0 0 0 0 0 0 0 0 0 0 0 0 0 0 0 0 0 0 0 0 0 0 0 0 0 0 0 0 0 0 0 0 0 0 0 0 0 0 0 0 0 0 0 0 0 0 0 0 0 0 0 0 0 0 0 50 47 58 54 44 47 35 37 27 35 34 41 31 40 43 39 43 28 37 33 30 25 32 34 34 37 42 37 46 43 45 38 40 44 46 46 44 39 37 36
0 0 0 0 0 0 0 0 0 0 0 0 0 0 0 0 0 0 0 0 0 0 0 0 0 0 0 0 0 0 0 0 0 0 0 0 0 0 0 0 46 49 37 41 39 40 40 41 38 40 31 39 43 49 50 41 47 55 54 52 49 44 38 34 35 41 44 43 36 40 28 36 24 27 30 29 33 31 34 36 0 0 0 0 0 0 0 0 0 0 0 0 0 0 0 0 0 0 0 0 0 0 0 0 0 0 0 0 0 0 0 0 0 0 0 0 0 0 0 0 0 0 0 0 0 0 0 0 0 0 0 0 0 0 0 0 0 0 0 0 0 0 0 0 0 0 0 0 0 0 0 0 0 0 0 0 0 0 0 0
0 0 0 0 0 0 0 0 0 0 0 0 0 0 0 0 0 0 0 0 0 0 0 0 0 0 0 0 0 0 0 0 0 0 0 0 0 0 0 0 0 0 0 0 0 0 0 0 0 0 0 0 0 0 0 0 0 0 0 0 0 0 0 0 0 0 0 0 0 0 0 0 0 0 0 0 0 0 0 0 0 0 0 0 0 0 0 0 0 0 0 0 0 0 0 0 0 0 0 0 0 0 0 0 0 0 0 0 0 0 0 0 0 0 0 0 0 0 0 0 37 43 47 39 45 45 40 49 50 46 47 45 44 38 46 39 45 51 40 47 43 34 39 44 37 37 28 32 35 40 38 34 39 34 27 36 23 31 32 35
0 0 0 0 0 0 0 0 0 0 0 0 0 0 0 0 0 0 0 0 0 0 0 0 0 0 0 0 0 0 0 0 0 0 0 0 0 0 0 0 30 25 19 24 34 35 28 36 35 36 34 40 40 37 41 30 33 36 38 33 39 36 40 45 42 46 50 46 44 48 42 36 33 38 36 37 36 32 32 29 281 245 282 247 0 0 0 0 0 0 0 0 0 0 0 0 0 0 0 0 0 0 0 0 0 0 0 0 0 0 0 0 0 0 0 0 0 0 0 0 221 225 231 228 237 253 229 230 226 239 267 238 229 246 238 238 242 227 232 230 243 238 243 238 215 243 241 223 222 210 237 226 234 227 226 214 214 212 213 249
264 303 331 243 0 0 0 0 0 0 0 0 0 0 0 0 0 0 0 0 0 0 0 0 0 0 0 0 0 0 0 0 0 0 0 0 0 0 0 0 226 210 224 225 234 216 234 221 225 228 227 233 215 239 231 203 221 224 223 226 232 220 241 244 212 222 233 227 232 232 238 222 239 238 231 241 224 218 230 232 0 0 0 0 0 0 0 0 0 0 0 0 0 0 0 0 0 0 0 0 0 0 0 0 0 0 0 0 0 0 0 0 0 0 0 0 0 0 0 0 29 41 33 34 34 26 27 25 42 30 30 38 42 35 46 35 38 41 39 42 33 30 30 32 37 35 41 44 53 41 41 36 32 30 36 34 26 30 25 24
0 0 0 0 0 0 0 0 0 0 0 0 0 0 0 0 0 0 0 0 0 0 0 0 0 0 0 0 0 0 0 0 0 0 0 0 0 0 0 0 143 129 136 135 141 137 125 131 122 128 108 123 125 133 136 121 132 122 123 120 138 137 141 132 140 134 127 143 149 156 141 141 134 147 132 153 146 135 148 148 0 0 0 0 1 1 1 2 3 4 7 13 25 52 108 199 231 284 270 258 0 0 0 0 0 0 0 0 0 0 0 0 0 0 0 0 0 0 0 0 237 243 241 235 261 254 251 239 241 252 240 238 246 249 244 234 238 240 240 247 222 229 244 239 257 237 259 238 252 237 237 246 252 239 252 232 245 256 250 232
0 0 0 0 1 1 1 1 2 3 6 9 15 29 66 157 295 241 295 252 0 0 0 0 0 0 0 0 0 0 0 0 0 0 0 0 0 0 0 0 244 236 235 233 250 234 245 250 242 235 248 254 231 236 241 243 237 220 244 233 236 218 230 273 237 236 249 233 231 240 238 240 240 258 236 259 237 239 241 234 0 0 0 0 0 0 0 0 0 0 0 0 0 0 0 0 0 0 0 0 0 0 0 0 0 0 0 0 0 0 0 0 0 0 0 0 0 0 0 0 131 151 133 128 137 121 127 121 132 117 122 122 125 115 122 127 133 137 135 138 117 132 126 128 141 139 158 149 171 156 158 134 154 141 143 132 148 140 135 124
0 0 0 0 0 0 0 0 0 0 0 0 0 0 0 0 0 0 0 0 0 0 0 0 0 0 0 0 0 0 0 0 0 0 0 0 0 0 0 0 221 243 250 249 236 253 235 234 224 233 256 251 246 243 232 230 225 221 227 231 244 241 241 235 227 220 228 233 230 246 215 230 221 220 229 243 219 236 226 229 0 0 0 0 0 0 0 0 0 0 0 0 0 0 0 0 0 0 0 0 0 0 0 0 0 1 2 4 15 23 47 106 329 365 317 248 0 0 0 0 231 237 255 239 237 247 243 258 227 239 247 264 236 249 235 258 227 225 262 231 235 258 268 233 246 233 246 246 244 235 258 245 238 247 261 247 255 219 219 241
0 0 0 0 0 0 0 0 0 0 0 0 0 0 0 0 0 0 0 0 0 0 0 0 0 0 1 1 4 5 14 33 374 305 286 262 0 0 0 0 226 230 255 241 242 239 237 255 259 238 236 245 236 225 249 231 231 257 245 242 229 235 250 213 248 241 258 242 241 250 260 233 247 245 233 247 239 230 236 222 0 0 0 0 0 0 0 0 0 0 0 0 0 0 0 0 0 0 0 0 0 0 0 0 0 0 0 0 0 0 0 0 0 0 0 0 0 0 0 0 267 255 227 225 241 238 229 238 237 225 242 241 254 240 238 241 236 234 232 228 240 206 233 207 244 218 242 248 233 240 235 234 229 220 242 266 227 217 252 236
0 0 0 0 0 0 0 0 0 0 0 0 0 0 0 0 0 0 0 0 0 0 0 0 0 0 0 0 0 0 0 0 0 0 0 0 0 0 0 0 42 45 42 46 45 48 34 44 39 33 39 37 33 36 32 38 21 26 29 32 30 30 35 46 40 45 41 39 41 40 34 34 26 30 33 33 42 45 38 41 0 0 0 0 0 0 0 0 0 0 0 0 0 0 0 0 0 0 0 0 0 0 0 0 0 0 0 0 0 0 0 0 0 0 0 0 0 0 0 0 0 0 0 0 0 0 0 0 0 0 0 0 0 0 0 0 0 0 0 0 0 0 0 0 0 0 0 0 0 0 0 0 0 0 0 0 0 0 0 0
0 0 0 0 0 0 0 0 0 0 0 0 0 0 0 0 0 0 0 0 0 0 0 0 0 0 0 0 0 0 0 0 0 0 0 0 0 0 0 0 0 0 0 0 0 0 0 0 0 0 0 0 0 0 0 0 0 0 0 0 0 0 0 0 0 0 0 0 0 0 0 0 0 0 0 0 0 0 0 0 0 0 0 0 0 0 0 0 0 0 0 0 0 0 0 0 0 0 0 0 0 0 0 0 0 0 0 0 0 0 0 0 0 0 0 0 0 0 0 0 51 49 43 59 36 42 38 41 33 38 39 33 36 36 40 48 45 40 35 31 32 30 30 30 39 41 42 42 44 40 39 38 45 39 36 43 37 37 37 27
0 0 0 0 0 0 0 0 0 0 0 0 0 0 0 0 0 0 0 0 0 0 0 0 0 0 0 0 0 0 0 0 0 0 0 0 0 0 0 0 43 44 42 37 38 28 34 36 36 31 36 36 39 40 47 40 44 50 54 43 55 41 37 47 32 41 38 37 41 25 28 36 26 23 27 27 28 29 36 36 0 0 0 0 0 0 0 0 0 0 0 0 0 0 0 0 0 0 0 0 0 0 0 0 0 0 0 0 0 0 0 0 0 0 0 0 0 0 0 0 0 0 0 0 0 0 0 0 0 0 0 0 0 0 0 0 0 0 0 0 0 0 0 0 0 0 0 0 0 0 0 0 0 0 0 0 0 0 0 0
0 0 0 0 0 0 0 0 0 0 0 0 0 0 0 0 0 0 0 0 0 0 0 0 0 0 0 0 0 0 0 0 0 0 0 0 0 0 0 0 0 0 0 0 0 0 0 0 0 0 0 0 0 0 0 0 0 0 0 0 0 0 0 0 0 0 0 0 0 0 0 0 0 0 0 0 0 0 0 0 0 0 0 0 0 0 0 0 0 0 0 0 0 0 0 0 0 0 0 0 0 0 0 0 0 0 0 0 0 0 0 0 0 0 0 0 0 0 0 0 36 45 43 36 38 43 36 51 50 42 38 37 33 34 42 46 46 50 37 43 38 34 28 38 42 30 25 35 32 25 42 35 34 26 29 31 29 28 36 34
0 0 0 0 0 0 0 0 0 0 0 0 0 0 0 0 0 0 0 0 0 0 0 0 0 0 0 0 0 0 0 0 0 0 0 0 0 0 0 0 37 30 19 26 40 28 36 41 43 36 33 44 40 36 39 22 28 36 33 41 28 41 42 38 37 40 49 48 42 44 43 38 27 27 31 31 39 27 29 25 235 322 377 252 0 0 0 0 0 0 0 0 0 0 0 0 0 0 0 0 0 0 0 0 0 0 0 0 0 0 0 0 0 0 0 0 0 0 0 0 234 230 222 229 227 224 243 218 214 225 231 222 213 219 232 222 237 213 233 236 230 224 234 193 217 220 235 213 227 222 238 219 212 230 232 220 221 242 235 227
302 394 385 256 0 0 0 0 0 0 0 0 0 0 0 0 0 0 0 0 0 0 0 0 0 0 0 0 0 0 0 0 0 0 0 0 0 0 0 0 235 227 217 233 238 231 228 211 227 229 247 217 235 224 230 227 232 230 241 214 213 218 248 225 236 215 241 229 229 224 226 222 217 213 224 218 232 234 220 233 0 0 0 0 0 0 0 0 0 0 0 0 0 0 0 0 0 0 0 0 0 0 0 0 0 0 0 0 0 0 0 0 0 0 0 0 0 0 0 0 39 41 42 32 35 26 31 33 40 32 39 37 41 39 42 45 43 44 46 39 28 29 36 30 38 46 46 49 50 44 51 34 34 30 31 36 25 32 28 27
0 0 0 0 0 0 0 0 0 0 0 0 0 0 0 0 0 0 0 0 0 0 0 0 0 0 0 0 0 0 0 0 0 0 0 0 0 0 0 0 147 129 144 147 147 134 146 133 127 120 121 124 122 122 121 133 147 132 130 131 127 145 134 142 147 128 146 133 137 172 151 153 143 152 145 141 146 153 147 146 0 0 0 0 1 1 1 2 3 4 6 11 18 41 93 188 285 364 369 247 0 0 0 0 0 0 0 0 0 0 0 0 0 0 0 0 0 0 0 0 230 246 245 230 250 242 258 241 217 232 227 231 253 247 257 247 246 236 246 249 243 275 232 243 251 241 249 258 227 244 232 240 241 242 256 259 235 218 231 239
0 0 0 0 1 2 2 2 3 4 6 9 17 29 67 153 260 304 384 237 0 0 0 0 0 0 0 0 0 0 0 0 0 0 0 0 0 0 0 0 243 231 235 231 237 241 247 237 258 235 255 240 240 236 252 247 245 222 237 234 249 243 235 249 241 237 259 239 247 238 240 255 238 248 227 249 230 235 262 231 0 0 0 0 0 0 0 0 0 0 0 0 0 0 0 0 0 0 0 0 0 0 0 0 0 0 0 0 0 0 0 0 0 0 0 0 0 0 0 0 120 122 132 135 130 132 135 144 135 107 124 127 122 105 131 134 143 120 150 123 127 134 128 138 139 140 127 160 164 146 160 160 152 153 147 148 151 152 146 133
0 0 0 0 0 0 0 0 0 0 0 0 0 0 0 0 0 0 0 0 0 0 0 0 0 0 0 0 0 0 0 0 0 0 0 0 0 0 0 0 244 239 232 237 233 259 252 217 234 231 211 238 219 228 243 250 228 249 231 239 218 221 235 232 229 246 231 243 231 227 234 211 214 233 222 217 234 240 240 223 0 0 0 0 0 0 0 0 0 0 0 0 0 0 0 0 0 0 0 0 0 0 0 0 0 1 2 5 14 23 49 104 308 127 368 255 0 0 0 0 234 235 236 229 236 236 262 238 240 244 244 260 245 250 232 238 248 240 239 247 232 258 248 248 237 234 238 224 253 245 238 244 251 254 245 223 254 244 220 233
0 0 0 0 0 0 0 0 0 0 0 0 0 0 0 0 0 0 0 0 0 0 0 0 0 0 2 3 6 8 18 37 256 393 380 264 0 0 0 0 251 244 261 258 231 235 247 228 240 254 243 233 232 227 233 241 236 266 261 215 235 250 250 256 233 244 231 232 248 249 248 245 233 248 259 240 224 246 227 249 0 0 0 0 0 0 0 0 0 0 0 0 0 0 0 0 0 0 0 0 0 0 0 0 0 0 0 0 0 0 0 0 0 0 0 0 0 0 0 0 248 250 230 238 239 234 224 242 231 239 241 215 245 238 240 229 236 219 242 244 221 251 235 207 226 236 239 241 226 227 239 221 240 248 240 242 246 216 226 227
0 0 0 0 0 0 0 0 0 0 0 0 0 0 0 0 0 0 0 0 0 0 0 0 0 0 0 0 0 0 0 0 0 0 0 0 0 0 0 0 52 53 52 40 45 46 43 36 49 49 41 43 37 40 41 41 38 31 30 38 31 38 32 49 55 46 46 44 45 36 35 33 19 34 32 34 39 43 52 34 0 0 0 0 0 0 0 0 0 0 0 0 0 0 0 0 0 0 0 0 0 0 0 0 0 0 0 0 0 0 0 0 0 0 0 0 0 0 0 0 0 0 0 0 0 0 0 0 0 0 0 0 0 0 0 0 0 0 0 0 0 0 0 0 0 0 0 0 0 0 0 0 0 0 0 0 0 0 0 0
0 0 0 0 0 0 0 0 0 0 0 0 0 0 0 0 0 0 0 0 0 0 0 0 0 0 0 0 0 0 0 0 0 0 0 0 0 0 0 0 0 0 0 0 0 0 0 0 0 0 0 0 0 0 0 0 0 0 0 0 0 0 0 0 0 0 0 0 0 0 0 0 0 0 0 0 0 0 0 0 0 0 0 0 0 0 0 0 0 0 0 0 0 0 0 0 0 0 0 0 0 0 0 0 0 0 0 0 0 0 0 0 0 0 0 0 0 0 0 0 42 55 63 50 57 35 40 36 27 38 32 35 48 38 45 50 39 34 41 40 29 22 35 42 31 49 38 47 47 45 49 47 42 41 44 49 53 44 37 40
0 0 0 0 0 0 0 0 0 0 0 0 0 0 0 0 0 0 0 0 0 0 0 0 0 0 0 0 0 0 0 0 0 0 0 0 0 0 0 0 43 38 34 36 41 34 34 43 39 37 38 42 40 43 43 50 45 46 56 55 50 50 45 42 45 44 42 39 39 39 35 37 29 19 28 31 42 44 44 33 0 0 0 0 0 0 0 0 0 0 0 0 0 0 0 0 0 0 0 0 0 0 0 0 0 0 0 0 0 0 0 0 0 0 0 0 0 0 0 0 0 0 0 0 0 0 0 0 0 0 0 0 0 0 0 0 0 0 0 0 0 0 0 0 0 0 0 0 0 0 0 0 0 0 0 0 0 0 0 0
0 0 0 0 0 0 0 0 0 0 0 0 0 0 0 0 0 0 0 0 0 0 0 0 0 0 0 0 0 0 0 0 0 0 0 0 0 0 0 0 0 0 0 0 0 0 0 0 0 0 0 0 0 0 0 0 0 0 0 0 0 0 0 0 0 0 0 0 0 0 0 0 0 0 0 0 0 0 0 0 0 0 0 0 0 0 0 0 0 0 0 0 0 0 0 0 0 0 0 0 0 0 0 0 0 0 0 0 0 0 0 0 0 0 0 0 0 0 0 0 42 49 48 45 50 54 52 31 55 47 42 39 39 35 45 51 50 54 51 50 45 36 35 33 39 41 33 31 35 32 37 33 30 35 34 29 33 37 44 32
0 0 0 0 0 0 0 0 0 0 0 0 0 0 0 0 0 0 0 0 0 0 0 0 0 0 0 0 0 0 0 0 0 0 0 0 0 0 0 0 27 32 27 27 35 42 34 42 42 46 42 45 37 33 32 30 26 34 34 38 42 26 39 39 47 38 61 50 44 46 38 37 36 30 32 35 36 30 29 35 251 176 263 379 0 0 0 0 0 0 0 0 0 0 0 0 0 0 0 0 0 0 0 0 0 0 0 0 0 0 0 0 0 0 0 0 0 0 0 0 249 242 237 232 240 219 234 234 233 242 234 233 267 246 264 221 238 263 238 246 247 260 228 232 245 251 239 240 254 250 244 241 270 244 244 251 253 223 245 243
250 170 258 378 0 0 0 0 0 0 0 0 0 0 0 0 0 0 0 0 0 0 0 0 0 0 0 0 0 0 0 0 0 0 0 0 0 0 0 0 234 245 254 235 249 240 242 260 238 248 255 257 253 244 229 248 251 258 249 233 252 249 267 259 241 251 252 270 254 252 239 233 240 255 252 237 253 241 242 239 0 0 0 0 0 0 0 0 0 0 0 0 0 0 0 0 0 0 0 0 0 0 0 0 0 0 0 0 0 0 0 0 0 0 0 0 0 0 0 0 27 41 50 30 34 29 28 32 33 34 28 45 42 47 47 44 45 41 50 45 36 33 36 33 33 42 48 59 53 45 52 38 34 29 31 33 29 26 31 20
0 0 0 0 0 0 0 0 0 0 0 0 0 0 0 0 0 0 0 0 0 0 0 0 0 0 0 0 0 0 0 0 0 0 0 0 0 0 0 0 138 143 134 134 152 138 124 118 133 115 124 138 126 137 136 115 122 127 130 127 127 121 131 146 142 134 155 143 143 140 159 147 137 145 146 150 144 138 151 135 0 0 0 0 1 1 1 1 1 1 1 2 4 15 39 79 252 159 239 374 0 0 0 0 0 0 0 0 0 0 0 0 0 0 0 0 0 0 0 0 256 244 236 237 233 240 251 256 217 246 239 239 264 260 274 262 252 274 252 216 239 228 246 251 234 238 253 246 226 245 249 234 239 250 249 239 227 234 232 244
0 0 0 0 1 1 1 1 1 1 2 4 8 18 40 79 243 205 256 362 0 0 0 0 0 0 0 0 0 0 0 0 0 0 0 0 0 0 0 0 247 249 232 256 244 255 243 245 250 239 245 239 249 236 247 232 252 241 257 244 255 238 248 253 224 227 254 252 251 260 247 257 251 241 245 250 258 239 251 257 0 0 0 0 0 0 0 0 0 0 0 0 0 0 0 0 0 0 0 0 0 0 0 0 0 0 0 0 0 0 0 0 0 0 0 0 0 0 0 0 142 129 138 139 116 118 132 124 149 130 124 116 127 123 124 135 127 120 162 138 142 110 117 153 135 145 150 144 157 155 145 166 145 160 144 141 122 137 152 133
0 0 0 0 0 0 0 0 0 0 0 0 0 0 0 0 0 0 0 0 0 0 0 0 0 0 0 0 0 0 0 0 0 0 0 0 0 0 0 0 262 241 227 243 223 250 234 203 236 240 244 239 251 230 233 233 231 246 228 245 236 269 239 230 242 233 223 250 240 234 242 230 222 247 228 235 257 242 227 253 0 0 0 0 0 0 0 0 0 0 0 0 0 0 0 0 0 0 0 0 0 0 0 0 0 2 2 8 18 28 50 94 238 377 237 384 0 0 0 0 245 240 250 226 227 251 233 241 234 233 241 258 225 250 242 262 239 234 246 251 246 242 257 243 256 262 235 245 254 248 236 238 240 240 248 232 242 225 235 254
0 0 0 0 0 0 0 0 0 0 0 0 0 0 0 0 0 0 0 0 0 0 0 0 0 0 1 2 5 8 17 39 380 158 251 385 0 0 0 0 237 264 246 240 244 233 230 240 243 246 238 230 242 263 257 230 245 225 238 242 239 241 251 248 230 225 234 244 255 235 250 244 246 244 258 254 251 231 241 222 0 0 0 0 0 0 0 0 0 0 0 0 0 0 0 0 0 0 0 0 0 0 0 0 0 0 0 0 0 0 0 0 0 0 0 0 0 0 0 0 237 246 221 248 254 254 251 234 251 234 256 239 224 226 232 239 229 233 240 243 238 213 224 239 234 233 238 235 236 238 254 241 236 223 224 246 244 232 226 225
0 0 0 0 0 0 0 0 0 0 0 0 0 0 0 0 0 0 0 0 0 0 0 0 0 0 0 0 0 0 0 0 0 0 0 0 0 0 0 0 48 43 37 39 45 39 34 33 31 32 30 34 33 25 35 32 33 33 31 42 36 45 39 40 39 29 34 37 38 38 36 32 40 33 35 31 39 58 49 38 0 0 0 0 0 0 0 0 0 0 0 0 0 0 0 0 0 0 0 0 0 0 0 0 0 0 0 0 0 0 0 0 0 0 0 0 0 0 0 0 0 0 0 0 0 0 0 0 0 0 0 0 0 0 0 0 0 0 0 0 0 0 0 0 0 0 0 0 0 0 0 0 0 0 0 0 0 0 0 0
0 0 0 0 0 0 0 0 0 0 0 0 0 0 0 0 0 0 0 0 0 0 0 0 0 0 0 0 0 0 0 0 0 0 0 0 0 0 0 0 0 0 0 0 0 0 0 0 0 0 0 0 0 0 0 0 0 0 0 0 0 0 0 0 0 0 0 0 0 0 0 0 0 0 0 0 0 0 0 0 0 0 0 0 0 0 0 0 0 0 0 0 0 0 0 0 0 0 0 0 0 0 0 0 0 0 0 0 0 0 0 0 0 0 0 0 0 0 0 0 48 37 47 41 31 30 30 30 31 23 28 35 41 33 37 30 33 38 38 30 22 31 33 36 41 45 45 36 50 41 44 29 38 42 35 44 45 48 47 30
0 0 0 0 0 0 0 0 0 0 0 0 0 0 0 0 0 0 0 0 0 0 0 0 0 0 0 0 0 0 0 0 0 0 0 0 0 0 0 0 42 22 25 35 42 40 32 35 43 41 45 45 39 50 52 40 34 27 32 52 37 43 38 37 31 31 24 33 29 31 32 30 32 26 29 30 38 41 44 28 0 0 0 0 0 0 0 0 0 0 0 0 0 0 0 0 0 0 0 0 0 0 0 0 0 0 0 0 0 0 0 0 0 0 0 0 0 0 0 0 0 0 0 0 0 0 0 0 0 0 0 0 0 0 0 0 0 0 0 0 0 0 0 0 0 0 0 0 0 0 0 0 0 0 0 0 0 0 0 0
0 0 0 0 0 0 0 0 0 0 0 0 0 0 0 0 0 0 0 0 0 0 0 0 0 0 0 0 0 0 0 0 0 0 0 0 0 0 0 0 0 0 0 0 0 0 0 0 0 0 0 0 0 0 0 0 0 0 0 0 0 0 0 0 0 0 0 0 0 0 0 0 0 0 0 0 0 0 0 0 0 0 0 0 0 0 0 0 0 0 0 0 0 0 0 0 0 0 0 0 0 0 0 0 0 0 0 0 0 0 0 0 0 0 0 0 0 0 0 0 41 46 48 36 50 37 37 37 39 30 44 47 55 45 51 37 45 37 39 27 29 38 33 24 32 35 36 36 41 31 41 33 30 26 36 34 34 37 35 29
0 0 0 0 0 0 0 0 0 0 0 0 0 0 0 0 0 0 0 0 0 0 0 0 0 0 0 0 0 0 0 0 0 0 0 0 0 0 0 0 42 37 22 35 34 24 25 32 34 39 43 41 32 47 47 37 34 30 33 39 38 40 35 36 43 44 48 54 55 45 42 38 33 31 30 35 35 36 31 28 0 0 0 0 0 0 0 0 0 0 0 0 0 0 0 0 0 0 0 0 0 0 0 0 0 0 0 0 0 0 0 0 0 0 0 0 0 0 0 0 0 0 0 0 0 0 0 0 0 0 0 0 0 0 0 0 0 0 0 0 0 0 0 0 0 0 0 0 0 0 0 0 0 0 0 0 0 0 0 0
0 0 0 0 0 0 0 0 0 0 0 0 0 0 0 0 0 0 0 0 0 0 0 0 0 0 0 0 0 0 0 0 0 0 0 0 0 0 0 0 0 0 0 0 0 0 0 0 0 0 0 0 0 0 0 0 0 0 0 0 0 0 0 0 0 0 0 0 0 0 0 0 0 0 0 0 0 0 0 0 0 0 0 0 0 0 0 0 0 0 0 0 0 0 0 0 0 0 0 0 0 0 0 0 0 0 0 0 0 0 0 0 0 0 0 0 0 0 0 0 34 30 36 38 38 32 28 30 32 35 36 43 31 35 42 35 40 49 45 45 39 35 39 40 42 36 41 43 52 44 49 43 45 28 36 30 31 35 31 22
0 0 0 0 0 0 0 0 0 0 0 0 0 0 0 0 0 0 0 0 0 0 0 0 0 0 0 0 0 0 0 0 0 0 0 0 0 0 0 0 129 116 113 115 103 105 111 107 99 103 98 105 96 111 117 107 94 113 106 114 99 114 104 106 115 109 118 117 122 120 126 121 128 120 129 111 114 120 113 123 0 0 0 0 1 1 2 3 4 4 6 13 250 279 271 371 0 0 0 0 0 0 0 0 0 0 0 0 0 0 0 0 0 0 0 0 0 0 0 0 230 251 258 239 241 236 242 241 255 240 247 248 249 241 232 257 250 226 240 249 230 261 243 244 242 251 243 237 263 247 220 234 253 240 236 251 240 238 231 247
0 0 0 0 1 2 4 6 9 13 33 65 141 367 260 374 0 0 0 0 0 0 0 0 0 0 0 0 0 0 0 0 0 0 0 0 0 0 0 0 245 258 236 243 238 232 256 233 251 248 250 238 235 241 246 244 260 260 244 240 241 236 236 258 232 229 236 240 223 234 251 235 244 253 238 246 235 249 219 240 0 0 0 0 0 0 0 0 0 0 0 0 0 0 0 0 0 0 0 0 0 0 0 0 0 0 0 0 0 0 0 0 0 0 0 0 0 0 0 0 117 115 116 87 112 97 89 97 107 94 100 104 112 106 130 103 105 111 107 115 107 125 107 109 124 125 125 122 137 122 131 135 125 126 130 108 108 111 104 109
0 0 0 0 0 0 0 0 0 0 0 0 0 0 0 0 0 0 0 0 0 0 0 0 0 0 0 0 0 0 0 0 0 0 0 0 0 0 0 0 229 207 211 200 227 224 207 215 229 216 215 222 221 216 224 217 220 203 200 203 222 197 201 207 206 203 206 232 215 221 219 192 215 213 205 232 225 231 218 224 0 0 0 0 0 0 0 0 0 0 0 0 0 0 0 0 0 0 0 0 0 0 0 0 0 1 1 3 262 254 241 394 0 0 0 0 0 0 0 0 247 253 234 224 267 256 231 233 255 226 238 242 240 236 256 238 237 268 244 231 220 231 248 245 235 251 236 247 223 225 241 232 243 254 248 236 244 256 242 260
0 0 0 0 0 0 0 0 0 0 0 0 0 0 0 0 0 0 0 0 2 3 5 8 9 18 39 74 251 260 260 364 0 0 0 0 0 0 0 0 256 256 233 222 241 235 242 243 265 243 256 229 241 239 244 254 258 239 247 252 235 251 243 241 237 241 244 255 256 246 246 232 263 221 245 242 248 252 246 239 0 0 0 0 0 0 0 0 0 0 0 0 0 0 0 0 0 0 0 0 0 0 0 0 0 0 0 0 0 0 0 0 0 0 0 0 0 0 0 0 208 228 204 226 231 199 214 211 208 190 194 191 224 215 206 217 213 218 210 197 208 194 202 216 217 228 216 216 233 223 224 216 207 222 215 227 216 218 220 205
0 0 0 0 0 0 0 0 0 0 0 0 0 0 0 0 0 0 0 0 0 0 0 0 0 0 0 0 0 0 0 0 0 0 0 0 0 0 0 0 48 40 39 38 42 41 36 38 34 33 34 28 27 26 32 33 36 35 42 48 45 42 52 42 38 38 32 36 37 41 47 36 30 35 39 45 47 52 47 43 0 0 0 0 0 0 0 0 0 0 0 0 0 0 0 0 0 0 0 0 0 0 0 0 0 0 0 0 0 0 0 0 0 0 0 0 0 0 0 0 0 0 0 0 0 0 0 0 0 0 0 0 0 0 0 0 0 0 0 0 0 0 0 0 0 0 0 0 0 0 0 0 0 0 0 0 0 0 0 0
0 0 0 0 0 0 0 0 0 0 0 0 0 0 0 0 0 0 0 0 0 0 0 0 0 0 0 0 0 0 0 0 0 0 0 0 0 0 0 0 0 0 0 0 0 0 0 0 0 0 0 0 0 0 0 0 0 0 0 0 0 0 0 0 0 0 0 0 0 0 0 0 0 0 0 0 0 0 0 0 0 0 0 0 0 0 0 0 0 0 0 0 0 0 0 0 0 0 0 0 0 0 0 0 0 0 0 0 0 0 0 0 0 0 0 0 0 0 0 0 50 44 37 30 32 34 36 33 35 33 35 34 37 35 38 34 34 31 40 36 36 33 38 39 50 42 50 43 41 42 33 33 38 39 44 45 43 43 43 44
0 0 0 0 0 0 0 0 0 0 0 0 0 0 0 0 0 0 0 0 0 0 0 0 0 0 0 0 0 0 0 0 0 0 0 0 0 0 0 0 31 37 32 32 42 44 33 28 43 40 37 42 44 50 55 39 45 45 31 40 34 41 40 50 35 38 33 34 28 29 33 31 36 29 37 37 47 43 36 38 0 0 0 0 0 0 0 0 0 0 0 0 0 0 0 0 0 0 0 0 0 0 0 0 0 0 0 0 0 0 0 0 0 0 0 0 0 0 0 0 0 0 0 0 0 0 0 0 0 0 0 0 0 0 0 0 0 0 0 0 0 0 0 0 0 0 0 0 0 0 0 0 0 0 0 0 0 0 0 0
0 0 0 0 0 0 0 0 0 0 0 0 0 0 0 0 0 0 0 0 0 0 0 0 0 0 0 0 0 0 0 0 0 0 0 0 0 0 0 0 0 0 0 0 0 0 0 0 0 0 0 0 0 0 0 0 0 0 0 0 0 0 0 0 0 0 0 0 0 0 0 0 0 0 0 0 0 0 0 0 0 0 0 0 0 0 0 0 0 0 0 0 0 0 0 0 0 0 0 0 0 0 0 0 0 0 0 0 0 0 0 0 0 0 0 0 0 0 0 0 45 47 49 47 45 48 34 41 40 38 48 49 48 54 61 58 47 45 45 32 33 40 33 32 33 37 34 40 47 34 34 33 33 29 39 41 42 39 49 36
0 0 0 0 0 0 0 0 0 0 0 0 0 0 0 0 0 0 0 0 0 0 0 0 0 0 0 0 0 0 0 0 0 0 0 0 0 0 0 0 33 29 24 31 38 31 32 40 44 43 42 36 34 45 36 40 33 23 40 34 28 39 33 44 38 47 54 41 55 44 41 40 33 36 33 40 39 40 34 28 0 0 0 0 0 0 0 0 0 0 0 0 0 0 0 0 0 0 0 0 0 0 0 0 0 0 0 0 0 0 0 0 0 0 0 0 0 0 0 0 0 0 0 0 0 0 0 0 0 0 0 0 0 0 0 0 0 0 0 0 0 0 0 0 0 0 0 0 0 0 0 0 0 0 0 0 0 0 0 0
0 0 0 0 0 0 0 0 0 0 0 0 0 0 0 0 0 0 0 0 0 0 0 0 0 0 0 0 0 0 0 0 0 0 0 0 0 0 0 0 0 0 0 0 0 0 0 0 0 0 0 0 0 0 0 0 0 0 0 0 0 0 0 0 0 0 0 0 0 0 0 0 0 0 0 0 0 0 0 0 0 0 0 0 0 0 0 0 0 0 0 0 0 0 0 0 0 0 0 0 0 0 0 0 0 0 0 0 0 0 0 0 0 0 0 0 0 0 0 0 39 34 37 30 32 26 33 36 31 36 32 39 35 36 43 39 39 41 41 37 47 39 45 37 42 34 40 45 58 49 47 35 48 39 44 34 30 28 25 26
0 0 0 0 0 0 0 0 0 0 0 0 0 0 0 0 0 0 0 0 0 0 0 0 0 0 0 0 0 0 0 0 0 0 0 0 0 0 0 0 103 108 106 102 107 108 106 106 107 107 93 110 99 98 102 109 96 102 113 108 101 111 111 104 113 117 132 123 111 129 114 120 115 112 105 122 124 130 118 110 0 0 0 0 0 1 8 11 26 58 124 250 253 390 355 249 0 0 0 0 0 0 0 0 0 0 0 0 0 0 0 0 0 0 0 0 0 0 0 0 221 234 234 244 237 229 236 264 253 230 258 240 251 240 247 238 244 259 227 251 235 237 230 228 248 260 250 242 254 220 244 260 237 242 239 244 206 246 241 240
0 0 0 1 2 3 6 9 14 21 35 73 260 460 257 260 0 0 0 0 0 0 0 0 0 0 0 0 0 0 0 0 0 0 0 0 0 0 0 0 243 233 240 242 253 242 269 222 244 223 251 244 254 233 228 257 243 247 236 251 246 246 227 250 235 238 256 253 246 234 240 218 218 263 231 227 224 235 253 246 0 0 0 0 0 0 0 0 0 0 0 0 0 0 0 0 0 0 0 0 0 0 0 0 0 0 0 0 0 0 0 0 0 0 0 0 0 0 0 0 115 111 106 100 96 91 89 108 106 95 91 106 110 114 98 117 103 110 110 117 107 112 114 116 127 112 116 125 119 123 143 115 116 119 124 120 118 110 113 104
0 0 0 0 0 0 0 0 0 0 0 0 0 0 0 0 0 0 0 0 0 0 0 0 0 0 0 0 0 0 0 0 0 0 0 0 0 0 0 0 225 217 209 217 199 205 223 203 240 206 213 225 204 192 216 220 203 206 213 213 185 206 200 209 206 206 213 207 199 237 203 209 222 212 215 209 216 216 217 210 0 0 0 0 0 0 0 0 0 0 0 0 0 0 0 0 0 0 0 0 0 0 0 0 0 1 2 6 347 400 362 274 0 0 0 0 0 0 0 0 223 212 261 227 238 251 285 258 218 238 226 238 256 248 237 236 229 234 241 232 230 240 238 232 242 246 262 231 244 238 232 253 263 265 238 226 226 236 238 238
0 0 0 0 0 0 0 0 0 0 0 0 0 0 0 0 0 0 0 0 2 3 3 6 9 19 37 76 384 244 261 241 0 0 0 0 0 0 0 0 260 226 257 251 237 243 240 236 240 263 236 255 258 241 237 236 236 240 237 229 225 236 267 224 229 247 247 224 256 255 252 253 235 261 243 244 242 243 225 235 0 0 0 0 0 0 0 0 0 0 0 0 0 0 0 0 0 0 0 0 0 0 0 0 0 0 0 0 0 0 0 0 0 0 0 0 0 0 0 0 218 214 242 227 226 232 219 201 200 204 208 228 206 201 210 202 195 219 222 201 178 188 193 194 198 203 208 229 208 225 225 224 205 224 200 235 203 213 217 224
0 0 0 0 0 0 0 0 0 0 0 0 0 0 0 0 0 0 0 0 0 0 0 0 0 0 0 0 0 0 0 0 0 0 0 0 0 0 0 0 46 41 36 35 42 46 34 30 33 29 35 31 25 25 27 31 33 30 45 45 46 46 48 47 38 30 39 35 37 40 44 34 34 30 35 45 37 46 46 40 0 0 0 0 0 0 0 0 0 0 0 0 0 0 0 0 0 0 0 0 0 0 0 0 0 0 0 0 0 0 0 0 0 0 0 0 0 0 0 0 0 0 0 0 0 0 0 0 0 0 0 0 0 0 0 0 0 0 0 0 0 0 0 0 0 0 0 0 0 0 0 0 0 0 0 0 0 0 0 0
0 0 0 0 0 0 0 0 0 0 0 0 0 0 0 0 0 0 0 0 0 0 0 0 0 0 0 0 0 0 0 0 0 0 0 0 0 0 0 0 0 0 0 0 0 0 0 0 0 0 0 0 0 0 0 0 0 0 0 0 0 0 0 0 0 0 0 0 0 0 0 0 0 0 0 0 0 0 0 0 0 0 0 0 0 0 0 0 0 0 0 0 0 0 0 0 0 0 0 0 0 0 0 0 0 0 0 0 0 0 0 0 0 0 0 0 0 0 0 0 48 48 40 33 37 36 33 32 31 36 37 45 43 36 35 35 35 32 32 35 27 30 41 38 37 44 34 41 44 33 42 31 38 36 37 46 46 46 37 40
0 0 0 0 0 0 0 0 0 0 0 0 0 0 0 0 0 0 0 0 0 0 0 0 0 0 0 0 0 0 0 0 0 0 0 0 0 0 0 0 36 30 33 30 39 37 36 29 38 40 48 44 34 58 52 43 41 39 34 39 36 48 38 41 36 37 31 32 28 30 29 26 31 35 36 37 44 38 36 30 0 0 0 0 0 0 0 0 0 0 0 0 0 0 0 0 0 0 0 0 0 0 0 0 0 0 0 0 0 0 0 0 0 0 0 0 0 0 0 0 0 0 0 0 0 0 0 0 0 0 0 0 0 0 0 0 0 0 0 0 0 0 0 0 0 0 0 0 0 0 0 0 0 0 0 0 0 0 0 0
0 0 0 0 0 0 0 0 0 0 0 0 0 0 0 0 0 0 0 0 0 0 0 0 0 0 0 0 0 0 0 0 0 0 0 0 0 0 0 0 0 0 0 0 0 0 0 0 0 0 0 0 0 0 0 0 0 0 0 0 0 0 0 0 0 0 0 0 0 0 0 0 0 0 0 0 0 0 0 0 0 0 0 0 0 0 0 0 0 0 0 0 0 0 0 0 0 0 0 0 0 0 0 0 0 0 0 0 0 0 0 0 0 0 0 0 0 0 0 0 45 46 43 47 51 48 52 32 37 28 37 44 43 46 47 44 46 43 38 31 38 35 27 27 28 31 29 41 33 30 29 30 25 34 32 33 36 34 29 34
0 0 0 0 0 0 0 0 0 0 0 0 0 0 0 0 0 0 0 0 0 0 0 0 0 0 0 0 0 0 0 0 0 0 0 0 0 0 0 0 33 28 32 30 29 37 29 41 34 29 34 49 34 35 41 41 33 30 27 34 37 49 33 46 38 44 45 44 44 55 43 38 44 29 33 44 36 40 30 25 0 0 0 0 0 0 0 0 0 0 0 0 0 0 0 0 0 0 0 0 0 0 0 0 0 0 0 0 0 0 0 0 0 0 0 0 0 0 0 0 0 0 0 0 0 0 0 0 0 0 0 0 0 0 0 0 0 0 0 0 0 0 0 0 0 0 0 0 0 0 0 0 0 0 0 0 0 0 0 0
0 0 0 0 0 0 0 0 0 0 0 0 0 0 0 0 0 0 0 0 0 0 0 0 0 0 0 0 0 0 0 0 0 0 0 0 0 0 0 0 0 0 0 0 0 0 0 0 0 0 0 0 0 0 0 0 0 0 0 0 0 0 0 0 0 0 0 0 0 0 0 0 0 0 0 0 0 0 0 0 0 0 0 0 0 0 0 0 0 0 0 0 0 0 0 0 0 0 0 0 0 0 0 0 0 0 0 0 0 0 0 0 0 0 0 0 0 0 0 0 39 36 37 41 38 33 35 33 28 25 37 41 33 40 33 38 39 37 37 46 43 37 41 40 41 41 34 51 43 44 46 45 35 36 36 33 33 37 24 15
0 0 0 0 0 0 0 0 0 0 0 0 0 0 0 0 0 0 0 0 0 0 0 0 0 0 0 0 0 0 0 0 0 0 0 0 0 0 0 0 120 114 100 98 100 107 114 102 99 85 85 86 95 96 100 106 99 110 100 110 105 105 108 109 115 112 128 135 118 117 119 131 103 127 131 108 130 116 116 119 0 0 0 0 1 3 8 14 24 54 115 240 406 340 390 236 0 0 0 0 0 0 0 0 0 0 0 0 0 0 0 0 0 0 0 0 0 0 0 0 239 250 247 239 241 250 249 249 254 241 232 248 225 227 251 255 264 244 249 246 249 252 240 235 248 256 234 229 241 272 246 244 250 250 235 249 236 243 260 261
0 0 0 0 1 1 3 5 10 19 38 78 368 111 369 254 0 0 0 0 0 0 0 0 0 0 0 0 0 0 0 0 0 0 0 0 0 0 0 0 247 238 242 236 271 247 254 249 253 233 250 247 243 247 250 249 252 237 259 261 252 246 238 242 237 238 244 238 242 227 249 261 245 233 233 237 246 251 237 239 0 0 0 0 0 0 0 0 0 0 0 0 0 0 0 0 0 0 0 0 0 0 0 0 0 0 0 0 0 0 0 0 0 0 0 0 0 0 0 0 111 115 103 117 109 87 101 97 98 94 106 99 112 112 127 114 106 107 114 105 124 118 112 116 100 122 115 120 126 125 145 125 111 135 113 121 132 103 108 103
0 0 0 0 0 0 0 0 0 0 0 0 0 0 0 0 0 0 0 0 0 0 0 0 0 0 0 0 0 0 0 0 0 0 0 0 0 0 0 0 205 219 209 210 204 227 212 230 197 221 224 210 222 223 225 206 212 203 197 203 220 193 199 202 199 222 226 227 219 199 203 215 192 217 214 222 227 239 223 223 0 0 0 0 0 0 0 0 0 0 0 0 0 0 0 0 0 0 0 0 0 0 0 0 0 1 2 3 249 359 379 260 0 0 0 0 0 0 0 0 250 245 238 230 272 249 246 250 232 260 262 259 237 245 232 228 262 249 237 247 232 227 241 232 254 245 246 233 236 232 253 224 254 245 257 246 220 260 248 242
0 0 0 0 0 0 0 0 0 0 0 0 0 0 0 0 0 0 0 0 2 3 3 6 11 20 34 73 280 372 371 258 0 0 0 0 0 0 0 0 238 245 248 252 256 223 244 240 253 244 253 233 251 234 224 236 242 228 241 235 251 247 266 246 239 243 258 235 258 245 237 253 208 236 258 233 242 236 243 261 0 0 0 0 0 0 0 0 0 0 0 0 0 0 0 0 0 0 0 0 0 0 0 0 0 0 0 0 0 0 0 0 0 0 0 0 0 0 0 0 230 217 218 221 194 221 232 229 202 211 217 207 217 199 235 214 203 223 196 198 220 191 194 216 202 209 217 214 213 228 231 234 218 205 202 221 232 193 219 214
0 0 0 0 0 0 0 0 0 0 0 0 0 0 0 0 0 0 0 0 0 0 0 0 0 0 0 0 0 0 0 0 0 0 0 0 0 0 0 0 42 50 40 41 50 42 38 43 39 43 36 38 26 30 32 41 33 35 36 48 37 45 39 43 48 30 31 45 34 44 45 40 35 34 30 44 46 55 53 45 0 0 0 0 0 0 0 0 0 0 0 0 0 0 0 0 0 0 0 0 0 0 0 0 0 0 0 0 0 0 0 0 0 0 0 0 0 0 0 0 0 0 0 0 0 0 0 0 0 0 0 0 0 0 0 0 0 0 0 0 0 0 0 0 0 0 0 0 0 0 0 0 0 0 0 0 0 0 0 0
0 0 0 0 0 0 0 0 0 0 0 0 0 0 0 0 0 0 0 0 0 0 0 0 0 0 0 0 0 0 0 0 0 0 0 0 0 0 0 0 0 0 0 0 0 0 0 0 0 0 0 0 0 0 0 0 0 0 0 0 0 0 0 0 0 0 0 0 0 0 0 0 0 0 0 0 0 0 0 0 0 0 0 0 0 0 0 0 0 0 0 0 0 0 0 0 0 0 0 0 0 0 0 0 0 0 0 0 0 0 0 0 0 0 0 0 0 0 0 0 48 48 51 35 31 31 22 28 38 33 40 40 45 34 40 34 34 40 38 44 31 36 39 38 48 54 51 39 50 45 34 41 33 31 40 41 47 51 51 38
0 0 0 0 0 0 0 0 0 0 0 0 0 0 0 0 0 0 0 0 0 0 0 0 0 0 0 0 0 0 0 0 0 0 0 0 0 0 0 0 46 35 33 38 36 41 40 42 49 46 49 53 47 57 57 49 37 38 46 39 45 41 40 44 44 33 34 44 31 29 32 39 30 26 33 38 38 41 45 23 0 0 0 0 0 0 0 0 0 0 0 0 0 0 0 0 0 0 0 0 0 0 0 0 0 0 0 0 0 0 0 0 0 0 0 0 0 0 0 0 0 0 0 0 0 0 0 0 0 0 0 0 0 0 0 0 0 0 0 0 0 0 0 0 0 0 0 0 0 0 0 0 0 0 0 0 0 0 0 0
0 0 0 0 0 0 0 0 0 0 0 0 0 0 0 0 0 0 0 0 0 0 0 0 0 0 0 0 0 0 0 0 0 0 0 0 0 0 0 0 0 0 0 0 0 0 0 0 0 0 0 0 0 0 0 0 0 0 0 0 0 0 0 0 0 0 0 0 0 0 0 0 0 0 0 0 0 0 0 0 0 0 0 0 0 0 0 0 0 0 0 0 0 0 0 0 0 0 0 0 0 0 0 0 0 0 0 0 0 0 0 0 0 0 0 0 0 0 0 0 31 46 46 45 57 44 39 39 50 32 41 60 59 45 51 57 48 47 41 35 36 35 32 31 35 29 28 38 43 38 42 36 23 22 36 37 35 37 43 32
0 0 0 0 0 0 0 0 0 0 0 0 0 0 0 0 0 0 0 0 0 0 0 0 0 0 0 0 0 0 0 0 0 0 0 0 0 0 0 0 32 36 19 36 41 35 35 40 43 43 42 50 35 40 47 39 33 25 34 34 32 45 35 38 57 50 52 46 52 57 54 49 37 32 39 27 46 41 37 31 0 0 0 0 0 0 0 0 0 0 0 0 0 0 0 0 0 0 0 0 0 0 0 0 0 0 0 0 0 0 0 0 0 0 0 0 0 0 0 0 0 0 0 0 0 0 0 0 0 0 0 0 0 0 0 0 0 0 0 0 0 0 0 0 0 0 0 0 0 0 0 0 0 0 0 0 0 0 0 0
0 0 0 0 0 0 0 0 0 0 0 0 0 0 0 0 0 0 0 0 0 0 0 0 0 0 0 0 0 0 0 0 0 0 0 0 0 0 0 0 0 0 0 0 0 0 0 0 0 0 0 0 0 0 0 0 0 0 0 0 0 0 0 0 0 0 0 0 0 0 0 0 0 0 0 0 0 0 0 0 0 0 0 0 0 0 0 0 0 0 0 0 0 0 0 0 0 0 0 0 0 0 0 0 0 0 0 0 0 0 0 0 0 0 0 0 0 0 0 0 35 38 34 37 49 27 32 26 34 29 37 41 36 39 38 40 39 53 50 43 44 43 35 37 39 40 39 46 58 48 51 41 51 34 40 27 29 33 28 20
0 0 0 0 0 0 0 0 0 0 0 0 0 0 0 0 0 0 0 0 0 0 0 0 0 0 0 0 0 0 0 0 0 0 0 0 0 0 0 0 117 111 103 98 119 117 117 109 96 105 96 112 97 104 102 82 92 107 91 119 123 114 117 117 121 127 113 120 124 124 125 139 129 115 122 124 117 120 118 111 0 0 0 0 1 4 11 14 24 54 119 244 261 268 251 373 0 0 0 0 0 0 0 0 0 0 0 0 0 0 0 0 0 0 0 0 0 0 0 0 254 231 264 240 239 240 258 251 234 261 238 244 246 256 228 242 237 244 246 265 257 250 259 236 246 243 246 223 255 234 246 240 255 255 244 238 239 252 234 246
0 0 0 0 1 1 2 6 10 17 32 68 237 368 246 377 0 0 0 0 0 0 0 0 0 0 0 0 0 0 0 0 0 0 0 0 0 0 0 0 227 246 232 237 240 251 243 245 256 233 235 242 233 247 244 251 231 236 246 255 225 233 230 229 240 236 240 239 256 249 248 225 237 235 248 266 240 236 259 243 0 0 0 0 0 0 0 0 0 0 0 0 0 0 0 0 0 0 0 0 0 0 0 0 0 0 0 0 0 0 0 0 0 0 0 0 0 0 0 0 122 130 102 89 109 87 84 97 109 105 106 103 107 103 121 110 116 119 114 107 108 110 109 122 121 115 129 147 133 118 126 121 125 122 122 123 114 117 125 117
0 0 0 0 0 0 0 0 0 0 0 0 0 0 0 0 0 0 0 0 0 0 0 0 0 0 0 0 0 0 0 0 0 0 0 0 0 0 0 0 226 219 193 216 225 224 222 213 226 188 213 208 210 206 214 217 204 212 207 200 206 212 197 219 210 187 206 216 199 210 202 230 207 202 214 233 219 216 218 212 0 0 0 0 0 0 0 0 0 0 0 0 0 0 0 0 0 0 0 0 0 0 0 0 0 1 3 4 345 262 255 376 0 0 0 0 0 0 0 0 230 251 238 259 244 250 247 228 247 250 253 257 236 240 243 230 253 243 246 233 227 250 250 244 255 226 234 217 241 250 223 225 244 242 246 254 240 228 235 232
0 0 0 0 0 0 0 0 0 0 0 0 0 0 0 0 0 0 0 0 2 3 3 7 11 18 30 67 365 138 258 353 0 0 0 0 0 0 0 0 229 258 237 248 258 250 230 230 232 234 248 254 253 250 240 245 258 254 244 240 224 254 232 253 246 256 263 239 243 242 242 245 251 228 235 254 266 245 242 259 0 0 0 0 0 0 0 0 0 0 0 0 0 0 0 0 0 0 0 0 0 0 0 0 0 0 0 0 0 0 0 0 0 0 0 0 0 0 0 0 203 223 220 210 210 198 214 204 205 218 226 202 207 198 218 215 229 230 223 200 201 196 191 210 203 197 180 215 244 232 232 210 214 213 216 216 228 212 203 216
0 0 0 0 0 0 0 0 0 0 0 0 0 0 0 0 0 0 0 0 0 0 0 0 0 0 0 0 0 0 0 0 0 0 0 0 0 0 0 0 44 33 29 34 41 38 28 38 35 27 29 32 30 34 36 37 37 35 40 45 45 35 27 36 32 31 35 34 43 40 45 37 30 34 43 44 37 38 38 25 0 0 0 0 0 0 0 0 0 0 0 0 0 0 0 0 0 0 0 0 0 0 0 0 0 0 0 0 0 0 0 0 0 0 0 0 0 0 0 0 0 0 0 0 0 0 0 0 0 0 0 0 0 0 0 0 0 0 0 0 0 0 0 0 0 0 0 0 0 0 0 0 0 0 0 0 0 0 0 0
0 0 0 0 0 0 0 0 0 0 0 0 0 0 0 0 0 0 0 0 0 0 0 0 0 0 0 0 0 0 0 0 0 0 0 0 0 0 0 0 0 0 0 0 0 0 0 0 0 0 0 0 0 0 0 0 0 0 0 0 0 0 0 0 0 0 0 0 0 0 0 0 0 0 0 0 0 0 0 0 0 0 0 0 0 0 0 0 0 0 0 0 0 0 0 0 0 0 0 0 0 0 0 0 0 0 0 0 0 0 0 0 0 0 0 0 0 0 0 0 34 34 26 32 31 29 41 34 45 30 30 28 27 30 33 38 33 35 46 31 21 36 39 39 55 39 35 33 32 33 38 43 31 36 40 50 42 38 35 20
0 0 0 0 0 0 0 0 0 0 0 0 0 0 0 0 0 0 0 0 0 0 0 0 0 0 0 0 0 0 0 0 0 0 0 0 0 0 0 0 42 33 30 31 34 36 36 44 51 45 50 37 34 34 46 34 33 37 36 36 39 34 25 31 29 21 35 35 38 42 47 34 26 38 32 30 40 29 29 32 0 0 0 0 0 0 0 0 0 0 0 0 0 0 0 0 0 0 0 0 0 0 0 0 0 0 0 0 0 0 0 0 0 0 0 0 0 0 0 0 0 0 0 0 0 0 0 0 0 0 0 0 0 0 0 0 0 0 0 0 0 0 0 0 0 0 0 0 0 0 0 0 0 0 0 0 0 0 0 0
0 0 0 0 0 0 0 0 0 0 0 0 0 0 0 0 0 0 0 0 0 0 0 0 0 0 0 0 0 0 0 0 0 0 0 0 0 0 0 0 0 0 0 0 0 0 0 0 0 0 0 0 0 0 0 0 0 0 0 0 0 0 0 0 0 0 0 0 0 0 0 0 0 0 0 0 0 0 0 0 0 0 0 0 0 0 0 0 0 0 0 0 0 0 0 0 0 0 0 0 0 0 0 0 0 0 0 0 0 0 0 0 0 0 0 0 0 0 0 0 43 40 37 39 46 32 37 42 44 35 47 46 47 32 46 33 33 34 33 24 21 26 26 38 45 38 38 31 28 27 36 36 27 38 33 34 42 42 44 29
0 0 0 0 0 0 0 0 0 0 0 0 0 0 0 0 0 0 0 0 0 0 0 0 0 0 0 0 0 0 0 0 0 0 0 0 0 0 0 0 30 29 24 31 31 39 31 43 43 43 46 35 35 24 33 30 23 33 36 42 51 48 47 44 41 47 57 45 43 33 39 30 30 29 35 36 35 31 28 31 0 0 0 0 0 0 0 0 0 0 0 0 0 0 0 0 0 0 0 0 0 0 0 0 0 0 0 0 0 0 0 0 0 0 0 0 0 0 0 0 0 0 0 0 0 0 0 0 0 0 0 0 0 0 0 0 0 0 0 0 0 0 0 0 0 0 0 0 0 0 0 0 0 0 0 0 0 0 0 0
0 0 0 0 0 0 0 0 0 0 0 0 0 0 0 0 0 0 0 0 0 0 0 0 0 0 0 0 0 0 0 0 0 0 0 0 0 0 0 0 0 0 0 0 0 0 0 0 0 0 0 0 0 0 0 0 0 0 0 0 0 0 0 0 0 0 0 0 0 0 0 0 0 0 0 0 0 0 0 0 0 0 0 0 0 0 0 0 0 0 0 0 0 0 0 0 0 0 0 0 0 0 0 0 0 0 0 0 0 0 0 0 0 0 0 0 0 0 0 0 41 30 34 30 29 30 32 39 34 36 31 39 38 43 53 41 50 48 38 31 27 39 42 38 44 45 43 43 46 36 43 32 27 30 35 33 36 38 32 30
0 0 0 0 0 0 0 0 0 0 0 0 0 0 0 0 0 0 0 0 0 0 0 0 0 0 0 0 0 0 0 0 0 0 0 0 0 0 0 0 93 71 71 79 84 75 85 73 70 91 83 87 75 70 92 92 89 88 85 82 94 91 74 76 89 93 85 90 94 94 98 99 100 83 103 92 95 101 95 76 1 3 5 11 17 28 45 89 278 241 261 378 0 0 0 0 0 0 0 0 0 0 0 0 0 0 0 0 0 0 0 0 0 0 0 0 0 0 0 0 243 236 260 238 234 247 241 246 231 260 216 242 229 224 255 234 244 250 246 240 265 249 242 238 241 235 252 249 259 236 225 235 219 258 229 246 260 241 247 248
2 5 10 19 35 68 136 243 239 267 258 381 0 0 0 0 0 0 0 0 0 0 0 0 0 0 0 0 0 0 0 0 0 0 0 0 0 0 0 0 270 232 236 231 223 231 232 237 245 233 252 248 227 246 221 218 251 258 269 243 235 247 235 232 230 238 241 239 241 216 245 240 240 230 242 251 246 235 216 227 0 0 0 0 0 0 0 0 0 0 0 0 0 0 0 0 0 0 0 0 0 0 0 0 0 0 0 0 0 0 0 0 0 0 0 0 0 0 0 0 87 79 79 84 79 79 67 71 85 77 85 82 96 71 86 90 81 101 90 89 77 78 82 85 101 93 97 108 102 108 100 89 102 88 90 107 78 82 82 61
0 0 0 0 0 0 0 0 0 0 0 0 0 0 0 0 0 0 0 0 0 0 0 0 0 0 0 0 0 0 0 0 0 0 0 0 0 0 0 0 187 187 179 183 195 181 175 187 177 204 196 195 192 172 205 198 176 167 186 177 171 174 173 189 176 195 181 180 169 217 200 191 186 201 200 200 201 201 196 169 0 0 0 0 0 0 0 0 0 0 0 0 0 0 0 0 1 3 5 12 28 56 106 187 252 245 247 375 0 0 0 0 0 0 0 0 0 0 0 0 243 249 247 246 256 255 237 253 246 231 237 232 240 255 241 243 237 241 225 255 248 254 222 235 228 234 257 237 263 257 252 243 250 229 232 252 237 232 258 232
0 0 0 0 0 0 0 0 0 0 0 0 0 0 1 1 1 2 3 6 13 23 43 77 258 255 256 376 0 0 0 0 0 0 0 0 0 0 0 0 252 246 235 244 260 257 251 248 243 255 218 242 231 233 245 245 231 251 233 230 231 262 242 246 225 242 244 243 237 228 247 250 231 214 240 237 256 239 250 223 0 0 0 0 0 0 0 0 0 0 0 0 0 0 0 0 0 0 0 0 0 0 0 0 0 0 0 0 0 0 0 0 0 0 0 0 0 0 0 0 207 197 218 178 194 177 171 190 180 170 197 191 200 210 189 163 194 170 177 174 174 173 164 159 187 177 194 182 193 189 213 196 195 202 196 198 195 191 190 185
0 0 0 0 0 0 0 0 0 0 0 0 0 0 0 0 0 0 0 0 0 0 0 0 0 0 0 0 0 0 0 0 0 0 0 0 0 0 0 0 40 33 32 39 40 37 32 36 29 33 34 32 37 43 33 40 42 46 49 42 42 31 35 38 39 39 45 38 37 41 46 38 42 50 43 48 45 37 34 39 0 0 0 0 0 0 0 0 0 0 0 0 0 0 0 0 0 0 0 0 0 0 0 0 0 0 0 0 0 0 0 0 0 0 0 0 0 0 0 0 0 0 0 0 0 0 0 0 0 0 0 0 0 0 0 0 0 0 0 0 0 0 0 0 0 0 0 0 0 0 0 0 0 0 0 0 0 0 0 0
0 0 0 0 0 0 0 0 0 0 0 0 0 0 0 0 0 0 0 0 0 0 0 0 0 0 0 0 0 0 0 0 0 0 0 0 0 0 0 0 0 0 0 0 0 0 0 0 0 0 0 0 0 0 0 0 0 0 0 0 0 0 0 0 0 0 0 0 0 0 0 0 0 0 0 0 0 0 0 0 0 0 0 0 0 0 0 0 0 0 0 0 0 0 0 0 0 0 0 0 0 0 0 0 0 0 0 0 0 0 0 0 0 0 0 0 0 0 0 0 41 35 30 34 29 29 42 43 29 34 34 27 29 31 36 37 42 34 36 35 31 40 45 56 48 40 43 40 45 32 46 36 49 50 54 47 45 37 37 30
0 0 0 0 0 0 0 0 0 0 0 0 0 0 0 0 0 0 0 0 0 0 0 0 0 0 0 0 0 0 0 0 0 0 0 0 0 0 0 0 46 38 40 41 49 45 47 50 50 45 49 39 43 41 42 32 47 37 35 37 37 31 38 28 30 25 35 38 40 48 44 34 37 41 43 36 31 34 30 35 0 0 0 0 0 0 0 0 0 0 0 0 0 0 0 0 0 0 0 0 0 0 0 0 0 0 0 0 0 0 0 0 0 0 0 0 0 0 0 0 0 0 0 0 0 0 0 0 0 0 0 0 0 0 0 0 0 0 0 0 0 0 0 0 0 0 0 0 0 0 0 0 0 0 0 0 0 0 0 0
0 0 0 0 0 0 0 0 0 0 0 0 0 0 0 0 0 0 0 0 0 0 0 0 0 0 0 0 0 0 0 0 0 0 0 0 0 0 0 0 0 0 0 0 0 0 0 0 0 0 0 0 0 0 0 0 0 0 0 0 0 0 0 0 0 0 0 0 0 0 0 0 0 0 0 0 0 0 0 0 0 0 0 0 0 0 0 0 0 0 0 0 0 0 0 0 0 0 0 0 0 0 0 0 0 0 0 0 0 0 0 0 0 0 0 0 0 0 0 0 53 45 43 48 34 37 43 45 53 53 47 40 41 42 44 42 33 31 37 26 27 30 33 44 43 34 33 31 31 35 44 37 35 45 47 40 41 51 44 39
0 0 0 0 0 0 0 0 0 0 0 0 0 0 0 0 0 0 0 0 0 0 0 0 0 0 0 0 0 0 0 0 0 0 0 0 0 0 0 0 29 24 33 28 40 51 48 45 42 52 41 37 25 28 33 31 30 39 46 39 51 46 50 47 53 46 47 45 54 37 46 35 39 35 37 36 35 30 28 34 0 0 0 0 0 0 0 0 0 0 0 0 0 0 0 0 0 0 0 0 0 0 0 0 0 0 0 0 0 0 0 0 0 0 0 0 0 0 0 0 0 0 0 0 0 0 0 0 0 0 0 0 0 0 0 0 0 0 0 0 0 0 0 0 0 0 0 0 0 0 0 0 0 0 0 0 0 0 0 0
0 0 0 0 0 0 0 0 0 0 0 0 0 0 0 0 0 0 0 0 0 0 0 0 0 0 0 0 0 0 0 0 0 0 0 0 0 0 0 0 0 0 0 0 0 0 0 0 0 0 0 0 0 0 0 0 0 0 0 0 0 0 0 0 0 0 0 0 0 0 0 0 0 0 0 0 0 0 0 0 0 0 0 0 0 0 0 0 0 0 0 0 0 0 0 0 0 0 0 0 0 0 0 0 0 0 0 0 0 0 0 0 0 0 0 0 0 0 0 0 37 34 32 33 29 33 36 34 38 45 38 43 41 49 39 42 55 50 43 32 36 33 34 41 53 44 50 43 40 47 43 31 37 38 33 32 38 31 30 36
0 0 0 0 0 0 0 0 0 0 0 0 0 0 0 0 0 0 0 0 0 0 0 0 0 0 0 0 0 0 0 0 0 0 0 0 0 0 0 0 77 75 79 68 81 73 82 75 72 84 76 85 77 81 77 80 70 79 79 93 81 90 78 86 88 92 102 101 104 90 101 93 91 97 86 102 96 73 98 72 1 2 5 6 11 22 37 81 401 266 264 245 0 0 0 0 0 0 0 0 0 0 0 0 0 0 0 0 0 0 0 0 0 0 0 0 0 0 0 0 241 261 255 248 256 232 248 219 247 262 250 233 271 249 254 262 239 257 260 256 245 242 265 246 242 251 256 237 250 231 238 256 256 241 252 248 230 239 231 220
1 2 8 17 38 85 176 359 356 377 368 245 0 0 0 0 0 0 0 0 0 0 0 0 0 0 0 0 0 0 0 0 0 0 0 0 0 0 0 0 227 247 241 237 238 251 243 252 254 234 242 242 255 268 220 251 262 246 243 254 251 249 242 250 242 238 235 242 238 234 236 235 232 243 244 260 227 236 249 259 0 0 0 0 0 0 0 0 0 0 0 0 0 0 0 0 0 0 0 0 0 0 0 0 0 0 0 0 0 0 0 0 0 0 0 0 0 0 0 0 74 76 88 78 74 70 74 85 91 73 82 81 83 77 83 80 84 86 81 86 89 79 70 86 104 101 110 109 89 95 99 84 78 94 89 113 93 81 82 64
0 0 0 0 0 0 0 0 0 0 0 0 0 0 0 0 0 0 0 0 0 0 0 0 0 0 0 0 0 0 0 0 0 0 0 0 0 0 0 0 188 186 169 204 200 184 186 184 191 173 188 185 160 183 182 174 166 166 176 154 173 170 166 171 183 184 184 207 178 180 194 189 190 198 199 203 190 182 207 166 0 0 0 0 0 0 0 0 0 0 0 0 1 1 1 1 1 2 7 16 34 63 112 194 226 261 239 270 0 0 0 0 0 0 0 0 0 0 0 0 232 244 237 235 252 252 248 248 216 257 260 240 242 260 244 250 258 254 261 263 244 247 242 241 242 237 228 253 227 247 244 241 257 241 239 233 235 251 263 226
0 0 0 0 0 0 0 0 0 0 0 0 0 0 1 1 1 1 2 3 9 18 27 58 383 281 232 256 0 0 0 0 0 0 0 0 0 0 0 0 253 270 245 256 220 238 241 240 248 246 229 230 250 247 234 254 232 243 250 250 238 238 256 241 243 250 275 250 248 238 248 252 231 238 240 249 246 242 251 240 0 0 0 0 0 0 0 0 0 0 0 0 0 0 0 0 0 0 0 0 0 0 0 0 0 0 0 0 0 0 0 0 0 0 0 0 0 0 0 0 169 185 175 182 190 192 191 183 175 177 184 192 193 167 195 184 184 164 172 185 157 173 178 190 180 193 185 200 209 198 203 190 196 199 198 185 187 193 181 189
0 0 0 0 0 0 0 0 0 0 0 0 0 0 0 0 0 0 0 0 0 0 0 0 0 0 0 0 0 0 0 0 0 0 0 0 0 0 0 0 45 36 35 33 39 29 38 33 25 23 34 29 29 38 47 37 38 40 43 41 36 34 29 37 38 42 34 43 45 44 42 39 45 36 44 39 49 44 34 35 0 0 0 0 0 0 0 0 0 0 0 0 0 0 0 0 0 0 0 0 0 0 0 0 0 0 0 0 0 0 0 0 0 0 0 0 0 0 0 0 0 0 0 0 0 0 0 0 0 0 0 0 0 0 0 0 0 0 0 0 0 0 0 0 0 0 0 0 0 0 0 0 0 0 0 0 0 0 0 0
0 0 0 0 0 0 0 0 0 0 0 0 0 0 0 0 0 0 0 0 0 0 0 0 0 0 0 0 0 0 0 0 0 0 0 0 0 0 0 0 0 0 0 0 0 0 0 0 0 0 0 0 0 0 0 0 0 0 0 0 0 0 0 0 0 0 0 0 0 0 0 0 0 0 0 0 0 0 0 0 0 0 0 0 0 0 0 0 0 0 0 0 0 0 0 0 0 0 0 0 0 0 0 0 0 0 0 0 0 0 0 0 0 0 0 0 0 0 0 0 32 35 30 24 32 29 40 44 34 30 38 36 31 32 40 38 31 42 40 31 32 35 46 42 51 42 38 41 42 32 43 34 38 39 41 49 41 37 41 32
0 0 0 0 0 0 0 0 0 0 0 0 0 0 0 0 0 0 0 0 0 0 0 0 0 0 0 0 0 0 0 0 0 0 0 0 0 0 0 0 34 39 30 27 50 40 47 42 41 44 57 38 38 44 40 37 41 36 42 30 35 34 34 34 32 27 32 30 36 37 35 37 32 46 36 36 32 34 32 35 0 0 0 0 0 0 0 0 0 0 0 0 0 0 0 0 0 0 0 0 0 0 0 0 0 0 0 0 0 0 0 0 0 0 0 0 0 0 0 0 0 0 0 0 0 0 0 0 0 0 0 0 0 0 0 0 0 0 0 0 0 0 0 0 0 0 0 0 0 0 0 0 0 0 0 0 0 0 0 0
0 0 0 0 0 0 0 0 0 0 0 0 0 0 0 0 0 0 0 0 0 0 0 0 0 0 0 0 0 0 0 0 0 0 0 0 0 0 0 0 0 0 0 0 0 0 0 0 0 0 0 0 0 0 0 0 0 0 0 0 0 0 0 0 0 0 0 0 0 0 0 0 0 0 0 0 0 0 0 0 0 0 0 0 0 0 0 0 0 0 0 0 0 0 0 0 0 0 0 0 0 0 0 0 0 0 0 0 0 0 0 0 0 0 0 0 0 0 0 0 53 51 42 41 51 39 45 52 47 43 42 48 38 45 35 37 37 35 35 28 19 27 33 31 45 37 30 32 38 35 39 36 34 39 40 47 38 45 31 38
0 0 0 0 0 0 0 0 0 0 0 0 0 0 0 0 0 0 0 0 0 0 0 0 0 0 0 0 0 0 0 0 0 0 0 0 0 0 0 0 28 30 30 34 40 36 33 43 40 47 45 40 28 29 38 36 30 36 43 44 44 49 49 42 49 46 47 44 45 46 46 32 34 35 33 35 40 32 28 23 0 0 0 0 0 0 0 0 0 0 0 0 0 0 0 0 0 0 0 0 0 0 0 0 0 0 0 0 0 0 0 0 0 0 0 0 0 0 0 0 0 0 0 0 0 0 0 0 0 0 0 0 0 0 0 0 0 0 0 0 0 0 0 0 0 0 0 0 0 0 0 0 0 0 0 0 0 0 0 0
0 0 0 0 0 0 0 0 0 0 0 0 0 0 0 0 0 0 0 0 0 0 0 0 0 0 0 0 0 0 0 0 0 0 0 0 0 0 0 0 0 0 0 0 0 0 0 0 0 0 0 0 0 0 0 0 0 0 0 0 0 0 0 0 0 0 0 0 0 0 0 0 0 0 0 0 0 0 0 0 0 0 0 0 0 0 0 0 0 0 0 0 0 0 0 0 0 0 0 0 0 0 0 0 0 0 0 0 0 0 0 0 0 0 0 0 0 0 0 0 37 31 32 24 32 29 31 36 38 34 38 33 37 41 40 46 45 35 38 30 34 32 40 44 49 47 47 46 36 35 39 37 33 28 24 31 33 37 30 31
0 0 0 0 0 0 0 0 0 0 0 0 0 0 0 0 0 0 0 0 0 0 0 0 0 0 0 0 0 0 0 0 0 0 0 0 0 0 0 0 76 80 66 80 80 86 66 74 81 79 77 82 70 73 93 79 83 74 77 74 78 83 94 77 94 93 98 92 100 89 96 94 92 88 88 106 98 83 93 80 0 1 3 6 13 20 34 73 273 310 387 243 0 0 0 0 0 0 0 0 0 0 0 0 0 0 0 0 0 0 0 0 0 0 0 0 0 0 0 0 247 231 267 261 258 223 267 234 237 245 247 240 235 254 275 264 245 249 248 259 231 242 243 225 226 244 239 256 253 250 268 257 237 263 251 264 252 240 238 231
2 5 9 15 31 60 124 246 255 359 400 232 0 0 0 0 0 0 0 0 0 0 0 0 0 0 0 0 0 0 0 0 0 0 0 0 0 0 0 0 258 250 250 266 240 230 248 256 247 259 256 253 245 254 231 267 239 235 227 242 254 243 263 239 238 265 243 241 237 231 256 238 252 246 239 261 234 258 263 248 0 0 0 0 0 0 0 0 0 0 0 0 0 0 0 0 0 0 0 0 0 0 0 0 0 0 0 0 0 0 0 0 0 0 0 0 0 0 0 0 84 70 76 71 74 57 68 77 75 80 81 80 84 83 92 81 81 79 81 85 80 90 72 87 92 96 100 104 102 103 87 93 80 84 104 85 83 93 77 80
0 0 0 0 0 0 0 0 0 0 0 0 0 0 0 0 0 0 0 0 0 0 0 0 0 0 0 0 0 0 0 0 0 0 0 0 0 0 0 0 186 190 193 179 190 201 191 187 194 195 186 192 188 177 190 188 157 180 166 185 183 151 174 188 188 180 193 175 196 203 172 218 179 177 193 199 208 188 207 180 0 0 0 0 0 0 0 0 0 0 0 0 0 0 0 0 0 1 6 15 33 60 101 176 237 355 374 231 0 0 0 0 0 0 0 0 0 0 0 0 244 230 230 216 232 258 241 229 231 237 235 226 239 259 254 255 218 226 261 256 218 248 239 257 238 220 234 247 227 248 248 246 261 224 237 248 257 235 239 236
0 0 0 0 0 0 0 0 0 0 0 0 0 0 1 1 1 1 2 3 8 18 32 65 262 365 368 264 0 0 0 0 0 0 0 0 0 0 0 0 240 240 241 245 249 235 270 221 238 227 253 270 207 254 234 228 236 244 243 256 234 242 261 253 237 248 253 250 234 230 251 247 224 224 243 232 253 230 247 234 0 0 0 0 0 0 0 0 0 0 0 0 0 0 0 0 0 0 0 0 0 0 0 0 0 0 0 0 0 0 0 0 0 0 0 0 0 0 0 0 191 207 195 204 192 188 184 190 182 160 204 177 171 178 189 183 175 164 185 178 177 170 175 196 205 180 194 205 196 190 197 177 181 192 193 201 203 202 183 188
0 0 0 0 0 0 0 0 0 0 0 0 0 0 0 0 0 0 0 0 0 0 0 0 0 0 0 0 0 0 0 0 0 0 0 0 0 0 0 0 40 45 32 33 33 42 34 47 36 29 39 43 32 34 41 48 37 46 49 47 46 37 39 40 37 37 46 44 43 48 47 49 47 36 47 47 41 42 51 26 0 0 0 0 0 0 0 0 0 0 0 0 0 0 0 0 0 0 0 0 0 0 0 0 0 0 0 0 0 0 0 0 0 0 0 0 0 0 0 0 0 0 0 0 0 0 0 0 0 0 0 0 0 0 0 0 0 0 0 0 0 0 0 0 0 0 0 0 0 0 0 0 0 0 0 0 0 0 0 0
0 0 0 0 0 0 0 0 0 0 0 0 0 0 0 0 0 0 0 0 0 0 0 0 0 0 0 0 0 0 0 0 0 0 0 0 0 0 0 0 0 0 0 0 0 0 0 0 0 0 0 0 0 0 0 0 0 0 0 0 0 0 0 0 0 0 0 0 0 0 0 0 0 0 0 0 0 0 0 0 0 0 0 0 0 0 0 0 0 0 0 0 0 0 0 0 0 0 0 0 0 0 0 0 0 0 0 0 0 0 0 0 0 0 0 0 0 0 0 0 32 37 39 35 39 36 36 34 42 34 33 32 35 24 50 44 41 47 34 34 26 37 41 43 53 44 43 44 48 43 44 43 35 45 44 43 61 41 38 32
0 0 0 0 0 0 0 0 0 0 0 0 0 0 0 0 0 0 0 0 0 0 0 0 0 0 0 0 0 0 0 0 0 0 0 0 0 0 0 0 41 38 32 41 45 52 50 56 56 54 59 52 45 45 48 41 45 41 37 48 35 32 37 31 32 27 37 46 46 39 41 38 32 39 32 36 40 32 38 33 0 0 0 0 0 0 0 0 0 0 0 0 0 0 0 0 0 0 0 0 0 0 0 0 0 0 0 0 0 0 0 0 0 0 0 0 0 0 0 0 0 0 0 0 0 0 0 0 0 0 0 0 0 0 0 0 0 0 0 0 0 0 0 0 0 0 0 0 0 0 0 0 0 0 0 0 0 0 0 0
0 0 0 0 0 0 0 0 0 0 0 0 0 0 0 0 0 0 0 0 0 0 0 0 0 0 0 0 0 0 0 0 0 0 0 0 0 0 0 0 0 0 0 0 0 0 0 0 0 0 0 0 0 0 0 0 0 0 0 0 0 0 0 0 0 0 0 0 0 0 0 0 0 0 0 0 0 0 0 0 0 0 0 0 0 0 0 0 0 0 0 0 0 0 0 0 0 0 0 0 0 0 0 0 0 0 0 0 0 0 0 0 0 0 0 0 0 0 0 0 46 45 46 46 46 41 48 45 60 42 47 43 47 39 39 35 38 40 30 26 25 33 33 38 43 38 34 36 41 35 38 42 35 37 42 43 40 42 43 28
0 0 0 0 0 0 0 0 0 0 0 0 0 0 0 0 0 0 0 0 0 0 0 0 0 0 0 0 0 0 0 0 0 0 0 0 0 0 0 0 41 32 34 36 32 48 43 47 51 42 43 39 37 32 36 32 34 35 43 48 48 50 47 51 55 43 53 50 43 47 35 44 39 42 35 30 35 29 38 27 0 0 0 0 0 0 0 0 0 0 0 0 0 0 0 0 0 0 0 0 0 0 0 0 0 0 0 0 0 0 0 0 0 0 0 0 0 0 0 0 0 0 0 0 0 0 0 0 0 0 0 0 0 0 0 0 0 0 0 0 0 0 0 0 0 0 0 0 0 0 0 0 0 0 0 0 0 0 0 0
0 0 0 0 0 0 0 0 0 0 0 0 0 0 0 0 0 0 0 0 0 0 0 0 0 0 0 0 0 0 0 0 0 0 0 0 0 0 0 0 0 0 0 0 0 0 0 0 0 0 0 0 0 0 0 0 0 0 0 0 0 0 0 0 0 0 0 0 0 0 0 0 0 0 0 0 0 0 0 0 0 0 0 0 0 0 0 0 0 0 0 0 0 0 0 0 0 0 0 0 0 0 0 0 0 0 0 0 0 0 0 0 0 0 0 0 0 0 0 0 44 35 42 33 28 22 34 38 35 27 40 43 43 43 35 46 55 48 38 38 33 26 37 34 52 49 36 47 48 39 39 37 34 35 32 31 32 34 38 25
0 0 0 0 0 0 0 0 0 0 0 0 0 0 0 0 0 0 0 0 0 0 0 0 0 0 0 0 0 0 0 0 0 0 0 0 0 0 0 0 76 81 74 79 87 86 78 77 73 72 88 89 69 75 80 75 76 87 77 85 94 93 95 81 89 95 94 92 100 92 112 98 85 93 101 101 94 87 87 81 0 1 3 6 11 19 29 69 339 192 242 384 0 0 0 0 0 0 0 0 0 0 0 0 0 0 0 0 0 0 0 0 0 0 0 0 0 0 0 0 251 232 260 239 252 250 250 253 224 267 239 226 236 260 239 244 240 246 242 244 220 255 247 257 246 240 225 227 233 231 244 221 243 226 257 239 246 234 232 248
1 3 9 19 41 88 189 371 367 267 238 366 0 0 0 0 0 0 0 0 0 0 0 0 0 0 0 0 0 0 0 0 0 0 0 0 0 0 0 0 261 244 256 224 245 222 248 233 250 234 247 246 237 248 248 239 225 220 235 231 239 253 248 233 244 243 246 244 236 244 247 226 246 218 265 235 248 230 235 247 0 0 0 0 0 0 0 0 0 0 0 0 0 0 0 0 0 0 0 0 0 0 0 0 0 0 0 0 0 0 0 0 0 0 0 0 0 0 0 0 81 77 69 72 74 61 79 78 72 77 81 74 87 87 93 99 88 86 84 89 91 89 76 82 94 92 109 104 98 95 102 90 90 92 97 93 93 92 87 74
0 0 0 0 0 0 0 0 0 0 0 0 0 0 0 0 0 0 0 0 0 0 0 0 0 0 0 0 0 0 0 0 0 0 0 0 0 0 0 0 189 183 177 188 190 191 185 186 183 187 192 195 183 179 186 188 170 175 170 164 175 170 169 187 188 176 193 187 190 186 183 200 181 181 190 188 203 195 187 204 0 0 0 0 0 0 0 0 0 0 0 0 0 0 0 0 0 0 0 2 7 20 34 68 246 129 237 375 0 0 0 0 0 0 0 0 0 0 0 0 246 235 252 251 241 261 242 241 251 266 253 256 244 237 250 245 234 266 267 260 251 247 229 269 238 265 241 258 251 268 234 257 251 238 253 246 250 236 256 262
0 0 0 0 0 0 0 0 0 0 0 0 0 0 1 1 1 1 1 2 7 16 28 64 366 143 243 387 0 0 0 0 0 0 0 0 0 0 0 0 243 234 274 245 258 240 258 235 236 254 266 239 237 216 243 239 253 255 242 239 239 229 239 247 247 237 231 251 249 242 234 245 239 242 238 246 251 241 236 251 0 0 0 0 0 0 0 0 0 0 0 0 0 0 0 0 0 0 0 0 0 0 0 0 0 0 0 0 0 0 0 0 0 0 0 0 0 0 0 0 200 198 207 193 200 189 197 190 180 186 198 199 188 199 200 176 182 189 175 184 182 164 170 170 179 185 191 185 207 188 178 191 221 209 190 194 187 193 179 197
